25
26
64
65
78
104
111
229
250
260
274
275
281
306
368
407
408
409
410
497
498
554
559
565
669
672
711
747
748
749
769
787
788
789
790
791
808
809
810
811
815
818
829
852
873
875
895
896
897
898
899
900
922
923
924
925
937
945
946
947
948
949
955
956
957
958
959
1017
1049
1094
1171
1283
1288
1320
1321
1322
1323
1324
1325
1326
1327
1328
1329
1330
1331
1332
1333
1334
1335
1336
1393
1395
1397
1399
1400
1402
1403
1405
1406
1407
1413
1498
1769
1783
1862
2405
2596
2802
2804
2811
2813
2814
2820
2882
2883
2884
2885
2886
2887
3017
3026
3052
3055
3056
3057
3058
3059
3060
3061
3062
3063
3064
3065
3162
3215
3216
3217
3223
3262
3263
3265
3266
3292
3582
3583
3616
3776
3777
4012
4013
4014
4015
4032
4033
4034
4035
4068
4112
4113
4114
4288
4289
4323
4420
4475
4476
4477
4478
4479
4480
10018
10019
10020
10021
10022
10023
10024
10025
10026
10027
10028
10911
11294
11295
11296
11297
11298
11299
11300
11301
11302
11303
11304
11305
11306
11307
11308
11309
11310
11311
11329
11337
11338
11339
11340
11712
11713
11865
11969
12106
12107
12109
12169
12171
12172
12173
12174
12175
12176
12177
12178
12179
12180
12504
12719
12720
12721
12722
12844
13952
13953
13954
