132
69
70
71
72
76
84
179
281
418
420
424
458
459
485
562
563
623
902
903
1077
1239
1241
1243
1471
1472
1473
1474
1475
1479
1485
1486
1487
1488
1489
1490
1517
1522
1525
1526
1527
1528
1570
1571
1572
1573
1574
1575
1576
1577
1578
1579
1580
1581
1582
1583
1584
1588
1589
1590
1591
1592
1595
1596
1598
1628
1629
1644
1645
1646
1647
1648
1649
1657
1658
1659
1660
1661
1662
1663
1664
1665
1666
1667
1668
1669
1670
1675
1676
1679
1680
1681
1682
1690
1692
1787
1788
1950
1951
1952
1953
1954
1955
1956
1957
1958
1959
1971
1972
1975
1976
1977
2140
2142
2145
2146
2147
2160
2535
3052
3197
7045
7096
7097
7098
7099
7100
7101
7103
