33
; 0:prince 1:knight 2:elf 3:magician 4:dark elf 5:dragon knight 6:illusionist 7:warrior 8:fencer 9:lancer
; class, type, str, dex, con, int, wis, cha
0 1 20 9 15 9 11 11
0 2 15 9 20 9 11 11
0 3 17 9 18 9 11 11
1 1 20 12 16 8 9 10
1 2 16 12 20 8 9 10
1 3 18 12 18 8 9 10
2 1 10 20 12 12 12 9
2 2 10 12 20 12 12 9
2 3 10 18 14 12 12 9
3 1 8 7 12 20 20 8
3 2 8 7 20 16 16 8
3 3 8 7 16 18 18 8
4 1 20 12 15 11 10 7
4 2 15 12 20 11 10 7
4 3 18 12 17 11 10 7
5 1 20 11 16 10 10 8
5 2 16 11 20 10 10 8
5 3 18 11 18 10 10 8
6 1 9 10 14 20 14 8
6 2 9 10 20 14 14 8
6 3 9 10 16 18 14 8
7 1 20 13 16 10 7 9
7 2 16 13 20 10 7 9
7 3 18 13 18 10 7 9
8 1 20 13 15 11 11 5
8 2 16 13 19 11 11 5
8 3 18 13 17 11 11 5
9 1 20 12 16 9 12 6
9 2 16 12 20 9 12 6
9 3 18 12 18 9 12 6