128
2
3
6
67
77
78
91
92
93
104
109
111
114
123
128
137
138
141
155
167
229
232
233
235
260
273
274
275
280
281
284
285
286
289
291
293
320
326
331
365
366
367
368
369
385
386
502
503
504
547
548
551
667
668
669
670
705
711
743
769
816
818
829
849
851
852
857
858
861
862
863
866
869
870
871
872
873
936
937
938
1076
1077
1078
1079
1080
1082
1083
1084
1085
1086
1087
1088
1089
1090
1162
1163
1164
1165
1282
1283
1284
1285
1288
1289
1290
1291
1496
1497
1755
1756
1757
1758
1759
1760
1761
1762
1763
1764
1765
1766
1767
1768
1769
1778
1781
1782
1783
1814
