79
148 10
457 8
703 8
902 8
918 8
924 8
834 12
1104 8
1276 8
1282 8
1659 10
1768 10
2141 12
2156 8
2415 8
2769 8
2794 8
2811 10
2813 8
3095 12
3099 8
3232 8
3235 12
4144 8
6171 8
6246 8
6252 8
6377 8
9658 8
10077 8
10149 8
10295 8
10669 12
10713 8
10972 8
10973 8
10974 12
6804 12
7372 12
11700 9
11711 9
12016 9
12055 8
12056 8
12039 8
11955 8
12032 8
12013 8
12044 8
8551 8
8214 8
1224 8
5706 8
12039 15
12056 15
12714 2
991 12
949 12
986 12
7138 12
2143 12
2090 12
3948 12
6989 12
6690 12
12507 12
2115 12
5957 12
12780 12
12408 12
21107 12
21108 12
14988 12
8990  15
10669 15
15942 15
782  15