3117
1 8 14
2 58 16
3 2 0
4 1 1
5 3 2
6 4 3
7 5 4
8 67 20
9 1205 6
10 124 23
11 20 24
12 101 25
13 9 60
14 80 237
15 78 235
16 82 239
17 77 234
18 118 29
19 117 28
20 116 27
21 118 263
22 475 55
23 473 230
24 470 243
25 468 244
26 467 249
27 476 254
28 471 257
29 7 61
30 5 61
31 11 62
32 13 63
33 18 64
34 19 65
35 21 66
36 24 67
37 25 68
38 31 69
39 33 12
40 34 13
41 35 70
42 38 71
43 40 72
44 41 73
45 42 74
46 45 75
47 48 76
48 50 77
49 56 78
50 57 79
51 59 80
52 59 307
53 59 308
54 60 81
55 63 82
56 66 83
57 119 111
58 68 84
59 71 85
60 125 86
61 72 87
62 83 88
63 84 89
64 1194 241
65 1195 261
66 88 91
67 90 92
68 96 93
69 172 94
70 99 95
71 100 96
72 103 97
73 325 98
74 105 99
75 106 100
76 108 101
77 111 102
78 112 17
79 113 103
80 115 104
81 123 105
82 995 106
83 127 107
84 128 108
85 129 109
86 130 110
87 53 118
88 54 120
89 52 122
90 55 128
91 73 152
92 32 153
93 22 154
94 102 155
95 10 156
96 26 159
97 443 160
98 89 162
99 109 163
100 86 164
101 442 165
102 51 116
103 1196 167
104 110 168
105 28 170
106 29 172
107 27 174
108 69 176
109 30 178
110 272 180
111 265 182
112 27 184
113 97 186
114 1202 187
115 114 189
116 93 191
117 61 193
118 95 194
119 137 196
120 65 206
122 29 312
123 441 313
124 138 314
125 138 315
126 76 233
127 140 326
128 435 329
129 141 330
130 81 238
131 142 327
133 984 407
134 50 408
135 55 409
136 65 410
137 50 411
138 171 412
139 184 413
140 166 414
141 151 415
142 144 416
144 439 418
145 1203 419
146 89 420
147 80 421
148 80 422
149 80 423
150 4 424
151 73 425
152 4 426
153 73 427
154 155 428
155 177 429
157 258 499
158 259 500
159 260 503
160 261 501
161 262 502
162 474 505
163 116 27
164 248 517
165 75 8452
166 235 508
167 1201 159
168 236 512
169 237 799
170 238 800
171 239 515
172 240 799
173 241 800
174 242 513
175 243 799
176 244 800
177 245 514
178 246 799
179 247 800
180 248 518
181 248 519
182 248 520
183 248 521
184 248 522
185 253 523
186 253 524
187 248 525
188 248 526
189 249 527
190 249 528
191 249 529
192 254 530
193 249 531
194 249 532
195 249 533
196 254 534
197 254 535
198 249 536
199 255 537
200 250 538
201 250 539
202 250 540
203 250 541
204 255 542
205 250 543
206 250 544
207 250 545
208 250 546
209 251 547
210 251 548
211 256 549
212 251 550
213 251 551
214 251 552
215 251 553
216 256 554
217 251 555
218 251 556
219 252 557
220 257 558
221 252 559
222 252 560
223 252 561
224 252 562
225 252 563
226 252 564
227 257 565
228 252 566
229 1204 128
230 291 570
231 297 571
232 292 572
233 293 573
234 287 580
235 298 598
236 53 602
238 469 618
239 110 168
241 143 736
242 143 747
243 464 1075
244 20 759
245 314 760
246 320 761
247 1206 762
248 309 763
249 82 764
250 324 765
251 326 766
252 318 767
253 312 768
254 308 769
255 311 770
256 319 771
257 307 772
258 96 773
259 306 774
260 327 775
261 313 776
262 43 777
263 97 778
264 329 779
265 330 780
266 109 781
267 302 782
268 317 783
269 305 784
270 322 785
271 321 786
272 321 787
273 275 788
274 104 789
275 267 790
276 315 791
277 316 792
278 276 793
279 126 794
280 328 795
281 281 796
283 51 798
284 325 98
285 325 98
286 325 98
287 465 0
288 304 828
289 332 922
291 167 938
292 168 939
293 170 940
294 91 941
295 59 942
296 79 943
297 1529 944
298 59 954
299 472 971
300 118 974
301 118 975
302 118 976
303 118 977
304 167 1008
305 183 1009
306 1187 1002
307 1188 1003
308 1189 1004
309 1190 1005
310 1191 1006
311 1192 1007
314 1193 1013
316 438 1020
317 451 1021
318 445 1022
319 456 1023
320 453 1024
321 452 1025
322 447 1026
323 461 1027
324 449 1028
325 450 1029
326 457 1030
327 459 1031
328 460 1032
329 458 1033
330 462 1034
331 448 1035
332 446 1036
333 454 1037
334 264 1038
335 455 1039
336 444 1040
337 463 1048
338 543 1065
339 544 1067
340 545 1064
341 546 1066
342 293 1063
343 477 1086
344 7 1094
346 325 98
347 18 64
348 478 1100
349 479 1102
350 479 1103
351 479 1104
352 479 1105
353 479 1106
354 479 1107
355 479 1108
356 479 1109
357 464 1146
358 163 1147
359 156 1148
360 173 1149
361 487 1173
362 488 1179
363 82 0
364 479 1188
365 506 1208
366 507 1209
367 508 1210
368 509 1211
369 510 1212
370 511 1189
371 512 1190
372 513 1191
373 514 1192
374 515 1193
375 516 1196
376 517 1197
377 518 1198
378 519 1199
379 520 1200
380 521 1201
381 522 1202
382 523 1203
384 525 1205
385 526 1206
386 527 1207
388 279 1244
389 446 1245
391 535 1251
392 532 1252
393 536 1253
399 143 0
400 87 1379
401 116 1387
402 143 1388
403 1197 141
404 1198 142
405 1199 137
406 1200 138
407 547 149
408 548 150
409 549 145
410 550 146
411 474 1409
412 474 1410
413 474 1411
414 474 1424
415 859 1486
416 863 1487
417 557 1507
418 556 1508
419 479 1533
420 479 1534
421 479 1535
422 58 1553
423 304 1560
424 550 1561
425 465 941
426 464 1606
427 465 0
428 479 1607
429 591 1608
430 143 1610
431 607 1619
432 606 0
433 608 1619
434 614 1620
435 593 1627
436 593 1625
437 593 1628
438 593 1626
439 593 1626
440 593 1626
441 593 1626
442 593 1626
443 593 1626
444 593 1626
445 593 1626
446 593 1626
447 593 1626
448 593 1626
449 593 1626
450 593 1628
451 594 1626
452 594 1628
453 594 1627
454 594 1628
455 594 1626
456 594 1625
457 595 1627
458 595 1625
459 595 1628
460 595 1626
461 595 1628
462 595 1626
463 596 1654
464 597 799
465 598 1655
466 599 1628
467 599 1627
468 599 1625
469 599 1626
470 600 1635
471 600 1625
472 600 1628
473 600 1627
474 600 1635
475 600 1628
476 600 1628
477 600 1627
478 601 1635
479 601 1625
480 601 1628
481 601 1627
482 602 1657
483 602 1658
484 602 1659
485 603 1660
487 611 1646
488 610 1647
489 612 1648
490 613 1649
491 609 1650
492 75 232
493 617 1620
494 616 0
495 621 1652
496 625 1661
497 626 1662
498 628 1663
499 629 1664
500 627 1665
501 630 1666
502 631 1667
503 632 1667
504 633 1667
505 634 1669
506 635 1670
507 636 1671
508 637 1667
509 638 1667
510 639 1667
511 640 1667
512 641 1667
513 642 1667
514 624 1672
515 248 1581
516 248 1582
517 248 1583
518 248 1584
519 249 1585
520 249 1586
521 250 1587
522 250 1588
523 251 1651
524 251 1589
525 252 1590
527 666 1689
528 667 1690
529 668 1691
530 669 1692
531 670 1693
536 460 1759
537 450 1760
538 456 1761
539 459 1763
540 450 1764
541 445 1765
542 265 1767
543 461 1768
544 445 1769
545 712 1798
546 710 1799
547 707 1800
548 711 1801
549 703 1802
550 700 1803
551 704 1804
552 709 1805
553 696 1806
554 702 1807
555 714 1808
556 708 1809
557 695 1810
558 701 1811
559 713 1812
560 693 1813
561 692 1814
562 694 1815
563 690 1816
564 691 1817
565 699 1818
566 697 1819
567 698 1820
568 705 1821
569 706 1822
570 673 1829
571 673 1830
572 673 1831
573 674 1832
574 674 1833
575 677 1834
576 677 1835
577 677 1836
578 675 1837
579 679 1838
580 679 1839
581 676 1840
582 676 1841
583 682 1842
584 682 1843
585 680 1844
586 684 1845
587 681 1846
588 683 1847
589 681 1848
590 687 1849
591 687 1850
592 685 1851
593 688 1852
594 688 1853
595 689 1854
596 689 1855
597 686 1856
598 248 1857
599 248 1858
600 249 1859
601 249 1860
602 249 1861
603 250 1862
604 255 1863
605 255 1864
606 250 1865
607 251 1866
608 256 1867
609 251 1868
610 251 1869
611 252 1870
612 252 1871
613 252 1872
614 252 1873
615 257 1874
616 5 61
617 479 1889
618 861 1890
619 865 1891
620 860 1892
621 858 1893
622 862 1894
623 864 1895
624 524 0
625 75 232
626 598 2358
628 458 1899
629 461 1900
630 445 1901
631 913 1903
632 908 1904
645 906 1917
646 907 1918
652 916 1924
654 443 1933
655 442 1934
656 51 1935
657 89 1936
658 905 1937
659 90 1938
660 103 1939
661 20 1940
662 895 1941
663 903 1942
664 904 1943
666 954 2035
667 899 1946
668 898 1947
669 900 1948
670 901 1949
671 897 1951
672 902 1950
673 896 1952
674 911 1957
675 252 1959
676 252 1960
678 472 2379
679 928 2001
680 929 2000
681 932 1997
682 930 1998
683 931 1999
684 293 2003
697 949 2065
698 933 2066
699 950 2067
700 936 2068
701 943 2069
702 955 2070
703 937 2071
704 951 2072
705 956 2075
706 941 2076
711 939 2080
713 252 2089
716 539 2094
717 540 2095
718 541 2096
719 542 2097
721 1035 2168
722 960 2189
723 961 2190
724 962 2191
725 959 2192
726 963 2193
727 964 2194
728 965 2195
729 966 2196
730 967 2197
731 968 2198
732 969 2199
733 970 2200
734 971 2201
735 972 2202
736 479 2203
737 974 2208
738 975 2209
739 976 2210
740 977 2211
741 978 2212
742 979 2213
743 980 2214
744 981 2215
745 982 2216
746 983 2217
747 990 2221
748 991 2221
749 985 2221
750 989 2222
751 987 2222
752 988 2222
756 905 2225
768 1011 2249
769 1007 2250
770 1009 2251
775 994 2268
776 986 2269
779 18 1766
780 297 1770
781 2 1762
782 2 2293
783 1012 2346
784 1013 2347
785 1014 2348
786 1015 2349
798 1026 2373
799 1027 2374
800 1028 2375
801 1029 2376
802 1033 107
803 1034 85
804 1032 106
805 96 2377
806 474 2380
807 998 2408
808 1164 2582
809 1164 2583
810 1164 2584
811 1164 2585
812 1035 2169
813 1035 2404
814 1035 2405
815 1037 2406
816 1038 2410
818 1040 2412
829 1044 2423
836 1061 2474
837 1054 2475
838 1055 2476
839 1056 2477
840 1057 2478
841 1062 2479
842 1058 2470
843 1063 2471
844 1060 2472
845 1059 2473
846 1072 2452
847 1073 2452
848 1075 2452
849 1085 2454
850 1086 2454
851 1064 2453
852 1065 2453
853 1066 2453
854 1078 2455
855 1079 2456
856 1080 2457
857 1067 2458
858 1090 2459
859 1083 2460
860 1088 2461
861 1069 2462
862 1068 2458
863 1091 2459
864 1084 2460
865 1089 2461
866 1070 2462
867 1147 2463
868 1095 2464
869 1074 2452
870 1077 2452
871 1076 2452
872 1071 2452
873 1093 2452
874 1087 2454
875 1082 2470
876 1092 2471
877 1094 2472
878 1081 2473
879 1138 1101
880 479 2543
881 1146 2516
882 1145 2517
883 1135 2518
884 1135 2519
885 1135 2520
886 1135 2521
887 1136 2522
888 1136 2523
889 1136 2524
890 1136 2525
891 1137 2526
892 1137 2527
893 1137 2528
894 1137 2529
901 1051 2536
902 1050 2537
903 1052 2538
904 1053 2539
915 1161 2575
916 1162 2576
917 1163 2577
918 1157 2578
919 1158 2579
920 1159 2580
921 1160 2581
926 1183 2591
927 1166 2592
928 1177 2593
929 1167 2594
930 1186 2595
931 1175 2596
932 1179 2597
933 1172 2598
934 1178 2599
935 1171 2600
936 1168 2601
937 1169 2602
938 1170 2603
939 1173 2604
940 1185 2605
941 1174 2606
942 1184 2607
943 1095 2626
945 1164 2668
946 1164 2669
947 1164 2670
948 1164 2671
949 1164 2672
950 1035 2673
951 1035 2674
952 1035 2675
953 1035 2676
954 1035 2677
962 1209 2685
964 1210 2719
965 1212 2720
966 1214 2721
967 1216 2722
968 73 152
969 1316 2810
970 976 2709
972 1220 2711
974 1222 2713
975 1223 2714
978 1229 2744
979 1230 2745
980 1231 2746
981 1232 2747
982 1233 2748
983 1234 2749
984 1235 2750
985 1236 2751
986 5134 2752
987 5132 2753
989 1252 2755
990 1253 2756
991 1254 2757
992 1259 2758
993 1260 2759
994 1228 2760
995 1227 2761
996 1241 2762
997 1242 2763
999 1256 2765
1001 1258 2767
1003 1248 2769
1004 1249 2770
1005 1251 2771
1006 1250 2772
1007 1244 2773
1008 1246 2774
1009 1247 2775
1010 1245 2776
1012 1284 2778
1013 1264 2779
1014 1276 2780
1015 1268 2781
1016 1280 2782
1017 1292 2783
1018 1272 2784
1019 1288 2785
1020 1283 2786
1021 1263 2787
1022 1275 2788
1023 1267 2789
1024 1279 2790
1025 1291 2791
1026 1271 2792
1027 1287 2793
1028 1282 2794
1029 1262 2795
1030 1274 2796
1031 1266 2797
1032 1278 2798
1033 1290 2799
1034 1270 2800
1035 1286 2801
1036 1281 2802
1037 1261 2803
1038 1273 2804
1039 1265 2805
1040 1277 2806
1041 1289 2807
1042 1269 2808
1043 1285 2809
1044 1180 2855
1045 1182 2856
1047 1165 2858
1048 1181 2859
1055 1293 2875
1056 1294 2876
1057 1295 2877
1058 1296 2878
1059 1297 2879
1060 1298 2880
1061 1300 2881
1062 1301 2882
1063 1302 2865
1064 1304 2866
1065 1305 2867
1066 1306 2868
1067 1307 2869
1068 1308 2870
1069 1310 2871
1070 1312 2872
1071 1314 2873
1072 1315 2874
1073 1035 2862
1074 1323 2864
1076 1335 2903
1077 1324 2904
1078 1332 2905
1079 1341 2920
1080 1333 2906
1081 1326 2907
1082 1336 2915
1083 1328 2908
1084 1334 2909
1085 1327 2910
1086 1337 2916
1087 1329 2911
1088 1330 2912
1089 1325 2913
1090 1331 2914
1091 1339 2918
1092 1338 2917
1093 1340 2919
1094 1239 2990
1095 1240 2991
1096 1255 2992
1097 1257 2993
1098 1243 2994
1099 989 2988
1101 1396 3025
1102 1397 3026
1103 1395 2998
1106 1222 3001
1110 1394 3005
1111 1342 3006
1112 1343 3007
1113 1344 3008
1114 1418 3010
1115 1419 3009
1120 1416 3019
1121 1415 3020
1122 1414 3021
1123 1420 3022
1124 863 1487
1125 863 1487
1126 863 1487
1127 863 1487
1128 863 1487
1129 863 1487
1130 863 1487
1131 863 1487
1132 958 3023
1133 1421 3027
1134 1422 3028
1135 1423 3029
1136 1427 3033
1137 1428 3034
1138 1429 3035
1139 1424 3030
1140 1425 3031
1141 1426 3032
1142 1479 3048
1143 958 3052
1144 958 3052
1145 958 3052
1146 958 3052
1151 1467 3060
1152 1468 3061
1153 1469 3062
1154 1462 3063
1155 544 3064
1156 545 3065
1157 543 3066
1158 546 3067
1159 1514 3068
1160 1515 3069
1161 1534 3073
1162 1533 3074
1163 1527 3075
1164 1526 3076
1165 1525 3077
1166 1516 3078
1167 1517 3079
1168 1518 3080
1169 1519 3081
1170 1520 3082
1171 1521 3083
1172 1522 3084
1173 1523 3085
1174 1484 3086
1175 1485 3087
1176 1486 3088
1177 1487 3089
1178 1488 3090
1179 1489 3091
1180 1490 3092
1181 1492 3093
1182 1493 3094
1183 1494 3095
1184 1495 3096
1185 1496 3097
1186 1497 3098
1187 1498 3099
1188 1499 3100
1189 1500 3101
1190 1501 3102
1191 1502 3103
1192 1503 3104
1193 1504 3105
1194 1505 3106
1195 1506 3107
1196 1509 3108
1197 1510 3109
1198 1511 3110
1199 1512 3111
1200 1513 3112
1201 1528 3113
1202 1531 3114
1203 1530 3115
1204 1524 3116
1205 1532 3117
1206 1535 3150
1207 1536 3152
1208 1537 3153
1209 1538 3154
1210 1539 3155
1211 1540 3156
1212 1541 3157
1220 252 3175
1221 252 3176
1222 1135 3172
1223 1136 3173
1224 1137 3174
1225 958 3184
1226 958 3184
1227 958 3184
1228 958 3184
1229 958 3199
1230 958 3199
1231 958 3199
1232 958 3199
1233 471 3185
1234 958 3186
1235 859 1486
1236 860 1892
1237 858 1893
1238 862 1894
1239 864 1895
1244 1547 3193
1245 1548 3194
1246 1549 3195
1259 1209 3709
1267 1396 3228
1268 863 1487
1269 863 1487
1270 1606 3235
1271 329 3236
1272 63 3229
1273 128 3230
1274 312 3231
1275 128 3232
1276 129 3233
1277 1615 3240
1278 1613 3241
1282 1635 3247
1283 1629 3248
1284 1627 3249
1285 38 3250
1286 1630 3251
1287 1628 3252
1288 1633 3253
1289 1631 3254
1290 1634 3255
1291 1632 3256
1292 1637 3257
1293 863 3258
1294 252 3259
1295 252 3260
1296 677 3261
1297 682 3262
1298 687 3263
1299 689 3264
1300 686 3265
1301 678 3266
1302 685 3267
1304 1638 3269
1379 1663 3343
1380 1665 3344
1381 1667 3345
1382 1669 3346
1384 1759 3348
1386 1674 3350
1388 1677 3352
1390 1679 3354
1392 1682 3356
1394 1685 3358
1395 1686 3359
1396 1687 3360
1398 1689 3362
1399 1690 3363
1401 1692 3365
1402 1693 3366
1404 1695 3368
1408 1761 3372
1409 1718 3373
1410 1719 3374
1411 1720 3375
1412 1785 3376
1413 1721 3377
1424 1648 3403
1425 1649 3404
1426 1646 3405
1427 1647 3406
1428 1643 3390
1429 1645 3391
1430 1644 3392
1437 140 3426
1447 1782 3489
1449 1764 3495
1482 1816 3512
1483 1817 3513
1484 1818 3514
1485 242 3522
1487 1765 3496
1488 1766 3497
1489 1767 3498
1490 1768 3499
1492 1770 3501
1493 1772 3502
1494 1774 3528
1495 1776 3503
1496 1778 3504
1497 1779 3505
1498 1762 3493
1499 1763 3494
1500 1801 3532
1501 1802 3533
1502 1803 3534
1503 1804 3535
1504 1805 3536
1505 1806 3537
1506 1807 3538
1507 1808 3539
1508 1809 3540
1509 1810 3541
1510 1811 3542
1511 1812 3543
1512 1800 3544
1513 1813 3545
1514 1814 3546
1515 1815 3547
1516 1820 3649
1517 1821 3650
1518 1833 3651
1519 996 3553
1520 474 3554
1538 444 3458
1542 1797 3607
1543 1793 3608
1544 1796 3609
1545 1794 3610
1546 1798 3611
1547 1795 3612
1551 479 3616
1552 128 3652
1635 1860 3653
1636 1862 3654
1637 1859 3655
1638 1861 3656
1639 1858 3657
1640 1613 3671
1641 1615 3672
1642 1009 3673
1697 1866 3713
1698 1866 68
1699 1865 3714
1701 938 3720
1702 2024 3724
1703 2023 3725
1704 2009 3735
1705 2005 3736
1706 1995 3737
1707 1980 3738
1708 1990 3739
1709 1979 3740
1710 1993 3741
1711 1955 3742
1712 1967 3743
1713 1966 3744
1714 1973 3745
1732 1991 3763
1733 1968 3764
1734 1969 3764
1735 1970 3764
1736 1972 3765
1737 1956 3766
1738 1971 3767
1739 1975 3768
1740 1974 3769
1741 1992 3770
1742 1998 3771
1743 1996 3772
1744 1999 3773
1745 2001 3774
1746 1978 3775
1747 1997 3776
1748 2282 2571
1750 7 1094
1751 7 1094
1752 1949 3836
1753 1951 3837
1754 1953 3838
1755 1893 3839
1756 1894 3840
1757 1895 3841
1758 1896 3842
1759 1897 3843
1760 1898 3844
1761 1899 3845
1762 1900 3846
1763 1901 3847
1764 1902 3848
1765 1903 3849
1766 1904 3850
1767 1905 3851
1768 1906 3852
1769 1907 3853
1770 1908 3854
1771 1909 3855
1772 1910 3856
1773 1911 3857
1774 1912 3858
1775 1913 3859
1776 1914 3860
1777 1915 3861
1778 1916 3862
1779 1917 3863
1780 1918 3864
1781 1919 3865
1782 1920 3866
1783 1921 3867
1784 1922 3868
1785 1924 3869
1786 1926 3870
1787 1928 3871
1788 1930 3872
1789 1931 3873
1790 1932 3874
1791 1933 3875
1792 1934 3876
1793 1935 3877
1794 1936 3878
1795 1937 3879
1796 1938 3880
1797 1939 3881
1798 1940 3882
1799 1941 3883
1800 1942 3884
1801 1943 3885
1802 1944 3886
1807 1871 3790
1808 1875 3791
1809 1873 3792
1810 1878 3793
1811 1874 3794
1812 1872 3795
1813 1876 3796
1814 1877 3797
1815 2030 4092
1816 2028 4093
1817 2031 4094
1818 2026 4095
1819 1945 3834
1820 1947 3835
1825 2071 3956
1826 2063 3986
1827 2049 3987
1828 2050 3985
1829 1465 3969
1830 1463 3970
1831 2065 3971
1832 1464 3972
1833 2064 3973
1834 2047 3974
1835 2048 3975
1836 2508 3976
1837 865 3977
1838 957 3978
1839 957 3978
1861 252 4007
1862 252 4008
1872 2015 4009
1874 2012 4011
1876 2013 4012
1893 326 4047
1898 63 4053
1906 2608 5239
1910 2130 4067
1911 2131 4068
2022 2080 4195
2023 2103 4195
2024 2081 4195
2025 2082 4195
2027 2045 4199
2028 2046 4200
2029 2042 4201
2030 2041 4201
2031 2035 4201
2032 2043 4201
2033 2036 4201
2034 2037 4202
2035 2040 4203
2036 2034 4204
2037 2044 4205
2038 2039 4206
2040 1156 4097
2041 1157 12062
2042 1158 12063
2043 2158 4239
2044 2159 4240
2045 477 4288
2046 2259 4323
2048 1937 3879
2049 1341 4338
2070 2181 4349
2072 2168 4350
2076 2160 4375
2077 2161 4376
2078 2162 4378
2079 2165 4377
2080 2166 4379
2081 2163 4380
2082 2164 4381
2086 912 4575
2088 1805 4352
2089 1805 4352
2090 1805 4352
2091 1805 4352
2092 1805 4352
2093 1805 4352
2100 2225 4384
2101 2226 4385
2102 2228 4386
2103 2230 4387
2104 2232 4388
2105 2234 4389
2106 2235 4390
2107 2244 4392
2108 2245 4391
2109 2246 4393
2110 2247 4394
2111 2248 4395
2112 2249 4396
2113 2250 4397
2114 2251 4398
2115 2252 4399
2116 2253 4400
2117 2254 4401
2118 2255 4402
2119 2257 4404
2121 2372 4406
2122 2373 4407
2123 2374 4408
2124 2375 4409
2125 2376 4410
2126 2377 4411
2127 2378 4412
2128 2379 4413
2129 2380 4414
2130 2381 4415
2151 2185 4416
2152 2186 4417
2153 2187 4418
2154 2188 4419
2155 2189 4420
2156 2190 4421
2157 2192 4422
2158 2193 4423
2167 2195 4424
2168 2196 4425
2169 2197 4426
2170 2198 4427
2171 2199 4428
2174 2202 4431
2175 2203 4432
2176 2204 4433
2177 2205 4434
2178 2206 4435
2179 2207 4436
2180 2208 4437
2181 2209 4438
2182 2210 4439
2183 2211 4440
2184 2212 4441
2186 2215 4443
2187 2216 4444
2196 2269 4453
2197 2269 4453
2198 2269 4453
2199 1805 4352
2200 1805 4352
2201 1805 4352
2202 1805 4352
2203 1805 4352
2204 1805 4352
2205 1805 4352
2206 1805 4352
2207 1805 4352
2208 1805 4352
2209 1805 4352
2210 1805 4352
2211 1805 4352
2212 1805 4352
2213 1805 4352
2214 1805 4352
2215 1805 4352
2216 2267 4325
2217 2267 4325
2218 2267 4325
2219 2267 4325
2220 2267 4325
2221 2267 4325
2222 2267 4325
2223 2267 4325
2224 1644 4362
2225 957 4592
2226 124 4363
2227 2265 499
2228 2261 500
2229 2263 503
2230 1644 4455
2239 1805 4352
2240 1805 4352
2241 557 5032
2242 1761 5033
2243 2368 5034
2244 2369 5035
2245 2370 5036
2246 1162 5037
2247 1163 5038
2248 468 5039
2249 467 5040
2250 1480 5047
2251 468 244
2252 252 4705
2253 252 4705
2254 2244 4474
2255 2244 4475
2256 2244 4476
2257 2606 5240
2261 2319 4354
2262 2319 4354
2263 2319 4354
2356 2273 4593
2358 2274 4594
2360 1208 4597
2389 2271 4623
2416 1644 4455
2417 1644 4455
2422 2159 4724
2423 998 4725
2424 2358 4708
2425 2362 4709
2426 2360 4710
2427 2361 4711
2428 252 4712
2429 252 4713
2430 685 4714
2431 685 4715
2432 683 4716
2433 688 4717
2434 689 4718
2435 2359 4726
2437 2336 3551
2438 2336 3551
2439 2336 3551
2440 2359 4726
2442 2364 4738
2443 2365 4739
2444 2366 4740
2445 2367 4741
2446 2368 4742
2447 2369 4743
2448 2370 4744
2449 1937 4810
2450 1939 4812
2451 1941 4814
2452 1943 4816
2453 1937 4811
2454 1939 4813
2455 1941 4815
2456 1943 4817
2457 2333 4747
2458 2335 4748
2459 2330 4749
2460 2332 4750
2461 2334 4752
2462 2331 4751
2463 1943 3885
2477 1174 4790
2478 1174 4791
2479 2434 4824
2488 2440 4831
2489 2448 4832
2490 2450 4833
2491 2452 4834
2492 2454 4835
2495 2446 4838
2496 2456 4839
2497 943 4840
2506 2443 4847
2507 1644 4852
2508 2089 4853
2509 2092 4854
2518 938 4864
2526 2244 4392
2527 2465 4912
2528 2464 4913
2529 2468 4914
2531 444 4941
2532 2470 4945
2533 2466 4946
2534 1529 4948
2535 2368 4949
2536 2369 4950
2537 2370 4951
2542 143 0
2545 2591 5225
2546 2589 5226
2548 2469 4961
2549 2509 4962
2550 2506 4963
2551 2489 4922
2552 2499 4923
2562 2486 4932
2563 2572 5218
2564 2495 4929
2565 2570 5219
2566 2484 4930
2567 2485 4931
2568 2573 5220
2569 2575 5221
2570 949 4969
2571 2493 4919
2572 2488 4918
2573 2505 4921
2586 1542 4985
2587 2244 5163
2588 2244 5012
2592 2558 5020
2593 2559 5019
2653 2471 5097
2654 2472 5098
2655 2480 5099
2656 2481 5100
2657 2482 5101
2658 2483 5102
2659 2474 5103
2664 2504 4920
2665 2503 5106
2666 2487 4934
2667 2494 4933
2668 2496 4935
2669 2497 4936
2691 2644 5131
2692 2643 5130
2717 112 5117
2718 2142 5093
2719 1643 5143
2757 2538 5163
2772 2590 5227
2773 2466 5229
2774 2601 5230
2775 2602 5233
2776 2604 5234
2777 2599 5235
2778 2569 5241
2779 2571 5242
2780 2574 5243
2781 2486 4928
2782 2572 4928
2783 2495 4928
2784 2570 4928
2785 2484 4928
2786 2485 4928
2787 2573 4928
2788 2575 4928
2791 2651 5254
2792 2653 5255
2795 2614 5248
2796 2629 5249
2797 2631 5250
2798 2630 5256
2799 2632 5257
2800 2613 5258
2801 2627 5259
2802 2633 5260
2803 2635 5261
2804 2637 5262
2805 2616 5264
2806 2618 5263
2807 2617 5265
2808 2664 5267
2809 2668 5266
2810 2666 5268
2820 2696 5214
2822 2335 4748
2823 2332 4750
2825 2618 5296
2826 2601 5230
2830 2642 5306
2831 2639 5307
2832 1791 5308
2833 863 1487
2834 863 1487
2835 863 1487
2836 863 1487
2837 863 1487
2838 863 1487
2839 863 1487
2840 1792 3447
2841 1645 3450
2842 1 1
2888 2677 5368
2889 2677 5369
2890 2677 5370
2891 2677 5371
2892 2677 5372
2893 2677 5373
2894 2677 5374
2895 2677 5375
2896 2677 5376
2897 2677 5377
2898 2677 5378
2899 2677 5379
2900 2677 5380
2901 2677 5381
2902 2677 5382
2903 2677 5383
2904 2677 5384
2905 2677 5385
2906 2677 5386
2907 2677 5387
2908 2677 5388
2909 2677 5389
2910 2677 5390
2911 2677 5391
2912 2677 5392
2913 2677 5393
2925 2693 5408
2926 2695 5409
2929 2703 5417
2930 2705 5418
2931 2704 5419
2935 1645 3450
2936 2361 4928
2938 1615 5424
2939 668 5425
2942 2310 5427
2953 2736 5430
2954 2733 5431
2955 2741 5432
2956 2740 5433
2957 2730 5434
2958 2735 5435
2959 2728 5436
2960 2738 5437
2961 2736 4928
2962 2733 4928
2963 2741 4928
2964 2740 4928
2965 2730 4928
2966 2735 4928
2967 2728 4928
2968 2738 4928
2969 2729 5438
2970 2732 5439
2971 2739 5440
2972 2731 5441
2973 2734 5442
2974 2727 5443
2975 2737 5444
2976 2492 4916
2977 2833 5446
2981 2863 5452
2982 2861 5453
2983 2859 5454
2984 2865 5455
2985 2847 5456
2986 2849 5457
2987 2843 5458
2988 2845 5459
2989 2857 5460
2990 2855 5461
2991 2853 5462
2992 2851 5463
2993 2841 5464
2994 2839 5465
2995 2835 5466
2996 2837 5467
3010 2873 5480
3011 2876 5481
3012 2883 5482
3013 2878 5483
3014 2888 5484
3015 2913 5486
3016 2909 5487
3017 2917 5488
3018 2915 5489
3019 2919 5490
3020 2911 5491
3021 2898 5503
3025 2895 5505
3026 2893 5506
3027 2891 5507
3029 2900 5509
3030 2901 5510
3031 2902 5511
3032 2897 5512
3033 2903 5513
3034 59 5547
3036 2899 5519
3037 1259 2758
3038 3049 5718
3039 3047 5719
3040 3053 5720
3041 3051 5721
3043 2651 5254
3044 59 5547
3045 59 5547
3046 59 5547
3047 59 5547
3048 59 5547
3049 59 5547
3051 957 5542
3052 958 5543
3055 2132 5545
3066 2905 5548
3067 2907 5549
3068 2908 5550
3069 2906 5551
3103 2904 5548
3104 2905 5548
3105 2907 5548
3106 2906 5548
3107 2908 5548
3109 78 235
3214 3004 5659
3215 3006 5660
3216 3016 5661
3218 3020 5663
3219 3022 5664
3220 3024 5666
3221 3041 5667
3222 3023 5665
3224 3056 5669
3225 3008 5681
3226 3008 5682
3227 3008 5683
3228 3008 5684
3229 3008 5685
3230 3010 5686
3231 3010 5687
3232 3010 5688
3233 3010 5689
3234 3010 5690
3235 3012 5691
3236 3012 5692
3237 3012 5693
3238 3012 5694
3239 3012 5695
3240 3014 5696
3241 3014 5697
3242 3014 5698
3243 3014 5699
3244 3014 5700
3245 3035 5778
3246 3035 5701
3247 3035 5702
3248 3035 5703
3249 3035 5704
3250 3036 5705
3251 3036 5706
3252 3036 5707
3253 3036 5708
3254 3036 5709
3255 3037 5710
3256 3037 5711
3257 3037 5712
3258 3037 5713
3259 3037 5714
3260 3223 5716
3261 3224 5717
3262 3026 5715
3263 3049 5718
3264 3047 5719
3265 3053 5720
3266 3051 5721
3267 3045 5722
3268 3055 5723
3269 3044 5724
3270 3030 5725
3271 3028 5726
3272 3029 5727
3273 3032 5728
3274 3040 5729
3293 2974 5791
3294 2974 5792
3295 2975 5793
3296 2975 5794
3303 2980 5573
3304 2983 5574
3305 2979 5575
3306 2978 5576
3504 58 16
3505 2909 5487
3506 2915 5489
3507 1147 2463
3508 279 1244
3509 2917 5488
3510 1095 2464
3511 863 1487
3512 863 1487
3513 863 1487
3514 863 1487
3515 863 1487
3516 863 1487
3517 863 1487
3518 863 1487
3519 863 1487
3520 863 1487
3521 863 1487
3522 863 1487
3523 863 1487
3547 3222 5908
3548 3225 5909
3577 3138 3453
3578 943 3454
3579 955 3455
3580 937 3456
3581 3042 5955
3582 3043 5956
3583 3219 5965
3584 3220 5966
3587 2283 5958
3605 3025 6072
3606 3279 6346
3610 1544 6083
3611 1543 6083
3612 1550 6083
3613 1167 6088
3615 59 6093
3616 3230 6094
3617 3231 6095
3618 2940 6099
3619 2925 6100
3620 2939 6101
3621 2927 6102
3622 2930 6103
3623 2928 6104
3624 2936 6105
3625 2933 6106
3626 2940 4928
3627 2925 4928
3628 2939 4928
3629 2927 4928
3630 2930 4928
3631 2928 4928
3632 2936 4928
3633 2933 4928
3634 2941 6107
3635 2926 6108
3636 2938 6109
3637 2937 6110
3638 2931 6111
3639 2929 6112
3640 2935 6113
3641 2932 6114
3642 5 6129
3643 2978 5576
3644 2978 5576
3645 2978 5576
3646 2978 5576
3647 2978 5576
3648 2978 5576
3649 2978 5576
3650 2978 5576
3651 2978 5576
3652 2978 5576
3654 3267 6131
3655 3255 2590
3656 3273 3777
3657 3257 4148
3658 3263 6131
3663 1321 4148
3664 2478 2590
3665 999 3777
3666 1220 6339
3668 3261 6131
3669 3271 6131
3670 3269 6131
3671 3259 6131
3672 3265 6131
3674 3038 6073
3701 3294 6378
3702 3292 6382
3703 3281 6379
3704 3285 6383
3708 3290 6375
3709 3283 6376
3710 3290 6389
3711 3283 6390
3718 5 4
3719 468 244
3720 467 249
3722 3269 6131
3766 3322 6420
3767 3310 6421
3768 3314 6422
3769 3318 6423
3770 3320 6424
3771 3308 6425
3772 3312 6426
3773 3316 6427
3774 3330 6428
3775 3324 6429
3776 3328 6430
3777 3326 6431
3778 3332 6432
3779 3334 6433
3780 59 6435
3781 138 6417
3782 2359 4726
3783 2361 6447
3784 2361 6448
3785 2707 5421
3786 3555 6453
3787 3554 6454
3788 3553 6455
3789 3556 6456
3790 3552 6457
3791 3342 6459
3792 608 1619
3793 3343 6471
3794 3340 6458
3795 3341 6470
3796 614 1620
3797 3344 6472
3798 3339 6469
3807 3340 6458
3808 3339 6469
3809 911 1957
3810 1542 4985
3811 2434 4824
3812 2448 4832
3813 2071 3956
3814 1997 3776
3815 544 3064
3816 545 3065
3817 543 3066
3818 546 3067
3819 473 230
3820 246 799
3828 3511 7382
3829 3511 7383
3830 3511 7384
3831 3511 7385
3832 3511 7386
3833 3511 7387
3836 2601 5230
3837 1937 3879
3838 1938 3880
3839 1939 3881
3840 1940 3882
3841 1941 3883
3842 1942 3884
3843 1943 3885
3844 1944 3886
3845 1937 4810
3846 1939 4812
3847 1941 4814
3848 1943 4816
3849 1937 4811
3850 1939 4813
3851 1941 4815
3852 1943 4817
3853 1342 3006
3854 1343 3007
3855 4818 11534
3856 1340 2919
3857 3548 7439
3858 3547 7440
3859 3546 7414
3860 3544 7415
3861 3545 7416
3871 3539 7430
3872 3539 7431
3873 3539 7432
3874 3539 7433
3875 3539 7434
3876 3539 7435
3877 3521 7417
3878 3523 7418
3879 3540 7419
3880 3542 7420
3881 3542 7420
3882 1942 3884
3883 1942 3884
3884 1942 3884
3897 77 0
3942 3628 7534
3943 3634 7535
3944 3627 7536
3945 3629 7537
3946 3694 7893
3983 3576 7500
3984 3576 7500
3985 3576 7500
3986 3574 7501
3987 3574 7501
3988 3574 7501
3989 3572 7502
3990 3572 7502
3991 3572 7502
3992 3578 7503
3993 3578 7503
3994 3578 7503
3995 3570 7504
3996 3570 7504
3997 3570 7504
3998 3566 7505
3999 3566 7505
4000 3566 7505
4001 3568 7506
4002 3568 7506
4003 3568 7506
4016 3656 7865
4017 3648 7866
4018 3660 7867
4019 3652 7868
4020 3655 7869
4021 3647 7870
4022 3659 7871
4023 3651 7872
4024 3658 7877
4025 3650 7878
4026 3662 7879
4027 3654 7880
4028 3657 7873
4029 3649 7874
4030 3661 7875
4031 3653 7876
4032 3642 7758
4033 3641 7759
4034 3644 7761
4035 3643 7760
4045 3635 7491
4047 3786 7779
4048 3787 7780
4049 3218 7512
4050 3337 7511
4058 1397 7515
4059 1397 7516
4060 1397 7517
4061 1397 7518
4062 1397 7519
4063 1397 7520
4064 1397 7521
4065 1397 7522
4068 3611 7509
4070 3625 7533
4071 3625 7533
4072 3625 7533
4073 3625 7533
4074 3625 7533
4075 3625 7533
4076 3625 7533
4077 3625 7533
4078 3625 7533
4079 3341 7401
4080 3065 5822
4081 3588 7489
4106 1812 7778
4107 1812 7778
4108 1812 7778
4109 3620 7745
4137 3671 7800
4138 3668 7801
4139 3704 7897
4140 3702 7898
4141 3700 7899
4142 3698 7900
4143 3690 7894
4144 3692 7895
4145 3696 7896
4157 3286 7959
4158 2159 4240
4170 3729 11527
4172 671 7963
4173 671 7963
4191 957 8242
4202 2259 8269
4205 3737 8271
4211 859 8309
4212 859 8310
4213 859 8311
4214 859 8312
4215 859 8313
4222 3796 8303
4223 3792 8304
4224 3794 8305
4225 3808 8306
4227 2651 5254
4228 2653 5255
4229 3757 5550
4230 3755 5550
4279 2267 8414
4280 2259 4323
4284 1867 0
4299 474 8448
4300 474 8448
4301 474 8448
4302 474 8448
4303 474 8448
4304 474 8448
4305 474 8448
4306 474 8448
4307 474 8448
4308 474 8448
4309 474 8448
4310 474 8448
4311 474 8448
4320 3689 8499
4321 3689 8499
4322 3689 8499
4347 54 8485
4348 442 8486
4349 29 8487
4350 114 8488
4351 52 8489
4352 27 8490
4353 95 8491
4356 453 8500
4357 448 8501
4358 457 8502
4408 2596 8610
4409 525 8611
4420 3852 8721
4430 2663 8379
4431 3773 8402
4432 3770 8404
4433 3768 8405
4439 3775 8727
4440 3775 8728
4441 3775 8729
4442 3775 8730
4443 3775 8731
4444 3775 8732
4445 3775 8733
4446 3775 8734
4447 3775 8735
4448 3775 8736
4449 3775 8737
4450 3775 8738
4451 3775 8739
4452 3775 8740
4453 3775 8741
4500 1813 8662
4543 3530 10100
4544 3524 10101
4545 3526 10102
4546 3532 10103
4547 3534 10104
4548 3530 10105
4549 3524 10106
4550 3526 10107
4551 3532 10108
4552 3534 10109
4578 2011 12137
4579 2994 12138
4580 3288 12139
4581 3286 12140
4582 3225 12141
4583 943 2069
4584 955 2070
4585 937 2071
4586 2260 12443
4587 2260 12444
4588 2651 5254
4589 2653 5255
4606 1827 9243
4607 1827 9244
4608 1827 9245
4609 1823 9246
4610 1831 9247
4611 1829 9248
4612 1829 9249
4613 1829 9250
4622 609 1650
4623 2923 9311
4624 3065 9312
4625 863 9313
4626 863 9314
4627 863 9315
4628 3138 9316
4629 2643 9317
4630 2643 9318
4631 2643 9319
4632 2643 9320
4633 2643 9321
4634 3341 9322
4709 2436 10822
4719 329 11592
4721 1791 11597
4746 3766 11613
4747 3773 11614
4748 3770 11615
4749 694 11616
4750 690 11617
4984 929 10737
5462 1760 7925
5463 1760 7926
5464 1760 7927
5465 1760 7928
5466 1760 7929
5467 1760 7930
5468 1760 7931
5469 1760 7932
5470 1760 7933
5471 1760 7934
6004 3237 5549
6005 3244 5549
6006 3252 5549
6007 3242 5549
6008 3238 5549
6009 3240 5549
6010 3250 5549
6011 3246 5549
6012 3248 5549
8200 5084 12787
8201 5084 12788
8202 5084 12789
8203 5082 12790
8204 5086 12791
8205 5080 12805
8206 5078 12806
8207 5082 12807
8208 5086 12808
8209 5080 12809
8210 5078 12810
8211 5082 12811
8212 5086 12812
8213 5080 12813
8214 5078 12814
8270 2895 13164
8271 2895 13165
8272 2895 13166
8273 2895 13167
8274 2895 13168
8275 2895 13169
8276 2895 13170
8277 2895 13171
8278 2895 13172
8279 2895 13173
8280 2895 13174
8281 2895 13175
8282 2895 13176
8283 2895 13177
8284 2895 13178
8288 3942 13218
8289 3942 13219
8290 3942 13220
8291 3942 13221
8292 3942 13222
8293 3942 13223
9739 2456 11456
9743 4110 11462
10018 1760 8831
10019 1760 8832
10020 1760 8833
10021 1760 8834
10022 1760 8835
10023 1760 8836
10024 1760 8837
10025 1760 8838
10026 1760 8839
10027 1760 8840
10028 4198 8841
10031 2982 8901
10032 2981 8852
10044 937 8928
10045 955 8929
10046 943 8930
10056 3872 8996
10057 3872 8996
10058 3872 8996
10099 3915 9219
10100 3915 9220
10101 3915 9221
10102 3915 9222
10103 3915 9223
10104 3915 9224
10105 3911 9225
10106 3911 9226
10107 3911 9227
10108 3911 9228
10109 3895 9177
10110 3895 9471
10111 3899 9178
10112 3899 9472
10113 3907 9179
10114 3907 9473
10115 3887 9180
10116 3919 9181
10174 3946 9448
10640 3942 9594
10641 3942 9595
10642 3942 9596
10659 958 10600
10660 958 10601
10671 1157 9632
10672 1158 9633
10675 4047 9623
10676 4042 9623
10677 4041 9686
10678 4040 9628
10679 4052 9629
10680 4761 9996
10681 4762 9996
10682 4763 9996
10905 3788 9729
10906 3788 9730
10907 3788 9731
10908 3788 9732
10909 3788 9733
10910 3788 9734
10920 4074 9766
10921 4076 9767
10922 1812 9844
10924 2260 4324
10941 614 9846
10942 488 9893
10943 4119 9894
10944 4121 9895
10945 4120 9896
10946 4122 9897
10955 2310 9640
11030 3954 9681
11031 3956 9682
11032 3958 9683
11033 863 1487
11034 863 1487
11035 863 1487
11036 863 1487
11037 863 1487
11038 863 1487
11039 863 1487
11040 863 1487
11041 863 1487
11042 863 1487
11043 863 1487
11140 2260 9995
11264 4681 10197
11265 4685 10198
11266 4687 10199
11267 4683 10200
11268 4689 10201
11269 4690 10202
11270 4691 10203
11272 4679 10196
11288 4187 10603
11289 2898 10610
11292 607 10613
11294 1760 10616
11295 1760 10617
11296 1760 10618
11297 1760 10619
11298 1760 10620
11299 1760 10621
11300 1760 10622
11301 1760 10623
11302 1760 10624
11303 1760 10625
11304 1760 10626
11305 1760 10627
11306 1760 10628
11307 1760 10629
11308 1760 10630
11309 1760 10631
11310 1760 10632
11311 1760 10633
11312 4198 10602
11313 3562 10688
11314 3562 10689
11315 3562 10690
11316 3562 10691
11317 3562 10692
11318 3562 10693
11319 3562 10694
11320 3562 10695
11321 3562 10696
11322 3562 10697
11323 3562 10698
11324 3562 10699
11325 3562 10700
11326 3562 10701
11327 3562 10702
11328 3562 10703
11329 4187 10704
11330 4187 10705
11331 4187 10706
11342 4200 11138
11343 4200 11139
11344 4200 11140
11345 4200 11141
11346 4200 11142
11347 4210 11143
11348 4202 11144
11349 4202 11145
11350 4202 11146
11351 4202 11147
11352 4202 11148
11353 4202 11149
11354 4204 11150
11355 4204 11151
11356 4214 11152
11357 4214 11153
11358 4214 11154
11359 4214 11155
11360 4206 11156
11361 4206 11157
11362 4216 11158
11363 4216 11159
11364 4216 11160
11365 4216 11161
11366 4208 11162
11367 4208 11163
11368 4218 11164
11369 4218 11165
11370 4218 11166
11371 4218 11167
11372 4201 11168
11373 4211 11169
11374 4211 11170
11375 4211 11171
11376 4211 11172
11377 4211 11173
11378 4203 11174
11379 4203 11175
11380 4213 11176
11381 4213 11177
11382 4213 11178
11383 4213 11179
11384 4213 11180
11385 4220 11181
11386 4220 11182
11387 4220 11183
11388 4222 11184
11389 4222 11185
11390 4222 11186
11391 4224 11187
11392 4224 11188
11393 4224 11189
11394 4226 11190
11395 4226 11191
11396 4226 11192
11397 4226 11193
11398 4228 11194
11399 4228 11195
11400 4228 11196
11401 4228 11197
11402 4221 11198
11403 4221 11199
11404 4221 11200
11405 4318 11371
11406 4318 11372
11407 4349 11373
11408 4349 11374
11409 4349 11375
11410 4349 11376
11411 4320 11377
11412 4320 11378
11413 4320 11379
11414 4351 11380
11415 4351 11381
11416 4351 11382
11417 4351 11383
11418 4322 11384
11419 4322 11385
11420 4322 11386
11421 4353 11387
11422 4353 11388
11423 4353 11389
11424 4353 11390
11425 4324 11391
11426 4324 11392
11427 4324 11393
11428 4355 11394
11429 4355 11395
11430 4355 11396
11431 4326 11397
11432 4326 11398
11433 4326 11399
11434 4326 11400
11435 4326 11401
11436 4319 11402
11437 4319 11403
11438 4319 11404
11439 4319 11405
11440 4230 11347
11441 4230 11348
11442 4230 11349
11443 4230 11350
11444 4230 11351
11445 4230 11352
11446 4234 11353
11447 4234 11354
11448 4234 11355
11449 4234 11356
11450 4234 11357
11451 4234 11358
11452 4238 11359
11453 4238 11360
11454 4238 11361
11455 4238 11362
11456 4238 11363
11457 4242 11364
11458 4242 11365
11459 4242 11366
11460 4242 11367
11461 4246 11368
11462 4246 11369
11463 4246 11370
11464 4389 11406
11465 4389 11407
11466 4389 11408
11467 4389 11409
11468 4359 11410
11469 4359 11411
11470 4393 11412
11471 4393 11413
11472 4393 11414
11473 4393 11415
11474 4363 11416
11475 4363 11417
11476 4397 11418
11477 4397 11419
11478 4397 11420
11479 4397 11421
11480 4367 11422
11481 4367 11423
11482 4401 11424
11483 4401 11425
11484 4401 11426
11485 4401 11427
11486 4371 11428
11487 4371 11429
11488 4405 11430
11489 4405 11431
11490 4375 11432
11491 4375 11433
11492 4375 11434
11493 4375 11435
11494 4391 11436
11495 4361 11437
11496 4361 11438
11497 4361 11439
11498 4361 11440
11499 4395 11441
11500 4365 11442
11501 4365 11443
11502 4365 11444
11503 4365 11445
11510 4274 11286
11511 4274 11287
11512 4274 11288
11513 4381 11289
11514 4381 11290
11515 4264 11291
11516 4264 11292
11517 4276 11293
11518 4276 11294
11519 4383 11295
11520 4383 11296
11521 4266 11297
11522 4266 11298
11523 4278 11299
11524 4278 11300
11525 4385 11301
11526 4385 11302
11527 4268 11303
11528 4268 11304
11529 4280 11305
11530 4387 11306
11531 4387 11307
11532 4270 11308
11533 4270 11309
11534 4270 11310
11535 4270 11311
11536 4273 11312
11537 4273 11313
11538 4273 11314
11539 4273 11315
11540 4380 11316
11541 4380 11317
11542 4263 11318
11543 4263 11319
11544 4275 11320
11545 4275 11321
11546 4275 11322
11547 4382 11323
11548 4382 11324
11549 4265 11325
11550 4265 11326
11551 4277 11327
11552 4277 11328
11553 4384 11329
11554 4384 11330
11555 4384 11331
11556 4267 11332
11557 4267 11333
11558 4279 11334
11559 4279 11335
11560 4386 11336
11561 4386 11337
11562 4269 11338
11563 4269 11339
11564 4281 11340
11565 4281 11341
11566 4388 11342
11567 4388 11343
11568 4271 11344
11569 4271 11345
11570 4271 11346
11571 4328 11201
11572 4328 11202
11573 4328 11203
11574 4328 11204
11575 4328 11205
11576 4328 11206
11577 4328 11207
11578 4328 11208
11579 4332 11209
11580 4332 11210
11581 4332 11211
11582 4332 11212
11583 4332 11213
11584 4332 11214
11585 4332 11215
11586 4332 11216
11587 4254 11217
11588 4254 11218
11589 4254 11219
11590 4311 11220
11591 4287 11221
11592 4299 11222
11593 4299 11223
11594 4299 11224
11595 4257 11225
11596 4257 11226
11597 4314 11227
11598 4314 11228
11599 4290 11229
11600 4290 11230
11601 4302 11231
11602 4302 11232
11603 4344 11233
11604 4344 11234
11605 4259 11235
11606 4316 11235
11607 4292 11235
11608 4304 11235
11609 4259 11236
11610 4316 11236
11611 4292 11236
11612 4304 11236
11613 4259 11237
11614 4259 11238
11615 4292 11239
11616 4292 11240
11617 4330 11241
11618 4330 11242
11619 4251 11243
11620 4308 11243
11621 4284 11243
11622 4296 11243
11623 4251 11244
11624 4308 11245
11625 4308 11246
11626 4296 11247
11627 4296 11248
11628 4334 11249
11629 4334 11250
11630 4253 11251
11631 4310 11252
11632 4310 11253
11633 4286 11254
11634 4286 11255
11635 4298 11256
11636 4338 11257
11637 4255 11258
11638 4312 11258
11639 4288 11258
11640 4300 11258
11641 4255 11259
11642 4312 11260
11643 4312 11261
11644 4288 11262
11645 4300 11263
11646 4300 11264
11647 4258 11265
11648 4315 11265
11649 4291 11265
11650 4303 11265
11651 4258 11266
11652 4315 11266
11653 4291 11266
11654 4303 11266
11655 4258 11267
11656 4315 11268
11657 4291 11269
11658 4291 11270
11659 4303 11271
11660 4260 11272
11661 4317 11272
11662 4293 11272
11663 4305 11272
11664 4260 11273
11665 4317 11273
11666 4293 11273
11667 4305 11273
11668 4260 11274
11669 4317 11275
11670 4317 11276
11671 4293 11277
11672 4293 11278
11673 4305 11279
11675 4816 11448
11677 3892 10752
11678 3942 10753
11680 3892 10755
11681 3942 10756
11688 2159 11475
11702 3788 11497
11703 3788 11498
11704 3788 11499
11705 3788 11500
11706 3788 11501
11707 3788 11502
11708 3788 11503
11709 3788 11504
11710 3788 11505
11711 3788 11506
11713 4701 11508
11714 4697 11509
11715 4699 11510
11717 3729 11529
11721 4821 11532
11722 4820 11533
11723 4818 11534
11735 3847 11625
11736 3847 11626
11737 3847 11627
11738 3847 11628
11739 3847 11629
11740 3847 11630
11741 3847 11631
11742 3847 11632
11743 3847 11633
11744 3847 11634
11745 3847 11635
11746 3847 11636
11747 3847 11637
11748 3847 11638
11771 1397 11661
11772 1397 11662
11791 4859 11837
11792 4861 11838
11793 4865 11839
11794 4879 11840
11795 4880 11841
11796 4833 11842
11797 4841 11843
11798 4892 11844
11799 4892 12032
11800 4892 12033
11801 4862 11845
11802 4863 11846
11803 4867 11847
11804 4882 11848
11805 4835 11849
11806 4842 11850
11807 4891 11851
11808 4891 12034
11809 4891 12035
11810 4860 11852
11811 4853 11853
11812 4866 11854
11813 4870 11855
11814 4836 11856
11815 4843 11857
11816 4851 11858
11817 4851 12036
11818 4851 12037
11819 4883 11859
11820 4884 11860
11821 4886 11861
11822 4887 11862
11823 4845 11863
11824 4888 11864
11825 4846 11865
11826 4849 11866
11827 4850 11867
11828 4852 11868
11829 4844 11869
11830 4893 11870
11831 4894 11871
11832 4890 11872
11833 4864 11873
11834 4847 11874
11835 4881 11875
11836 4871 11876
11837 4872 11877
11838 4873 11878
11839 4874 11879
11840 4868 11880
11841 4854 11881
11842 4869 11882
11843 4834 11883
11844 4848 11884
11845 4895 11885
11846 4896 11886
11847 4897 11887
11848 4898 11888
11849 4899 11889
11850 4889 11890
11851 258 499
11852 258 499
11853 258 499
11864 1216 2715
11865 3614 2408
11866 3614 2408
11867 2089 10600
11868 2883 11698
11872 3562 10688
11873 3562 10689
11874 3562 10690
11875 3562 10691
11876 3562 10692
11877 3562 10693
11878 3562 10694
11879 3562 10695
11880 3562 10696
11881 3562 10697
11882 3562 10698
11883 3562 10699
11884 3562 10700
11885 3562 10701
11886 3562 10702
11887 3562 10703
11936 4818 4172
11937 525 11945
11938 2084 11945
11939 1645 11945
11940 2084 11945
11941 2084 11945
11942 2084 11945
11943 2084 11945
11944 2084 11945
11945 2084 11945
11946 2084 11945
11947 2084 11945
11948 2084 11945
11949 2084 11945
11950 4950 12307
11951 4959 12308
11952 2084 11945
11953 2492 12309
11954 2084 11945
11955 2084 11945
11956 2084 11945
11957 2084 11945
11958 2084 11945
11959 2084 11945
11960 3746 11963
11961 2159 11962
11962 2159 11965
11963 2159 11966
11964 128 11964
11965 4041 12065
11979 4968 12038
11980 4968 12039
11981 995 12040
11982 63 12041
11983 71 12042
11984 4970 12043
11985 4968 12044
11986 4977 12045
11987 4974 12046
11988 4976 12047
11989 4971 12048
11990 4973 12049
11991 4981 12050
11992 4965 12051
11993 4969 12052
11994 4966 12053
11995 4979 12054
11996 4965 12055
11997 4965 12056
11998 4967 12058
11999 4980 12057
12000 4978 12059
12001 4972 12060
12002 4975 12061
12003 2158 12064
12023 4952 12145
12024 4945 12146
12025 4944 12147
12026 4956 12148
12027 4960 12149
12028 4955 12150
12029 4942 12151
12030 4953 12152
12031 4952 12153
12032 4945 12154
12033 4944 12155
12034 4956 12156
12035 4960 12157
12036 4955 12158
12037 4942 12159
12038 4953 12160
12039 2486 12185
12040 2572 12186
12041 2495 12187
12042 2570 12188
12043 2484 12189
12044 2485 12190
12045 2573 12191
12046 2575 12192
12047 2486 12217
12048 2572 12218
12049 2495 12219
12050 2570 12220
12051 2484 12221
12052 2485 12222
12053 2573 12223
12054 2575 12224
12055 2736 12197
12056 2733 12195
12057 2741 12200
12058 2740 12199
12059 2730 12194
12060 2735 12196
12061 2728 12193
12062 2738 12198
12063 2736 12229
12064 2733 12227
12065 2741 12232
12066 2740 12231
12067 2730 12226
12068 2735 12228
12069 2728 12225
12070 2738 12231
12071 2940 12207
12072 2925 12201
12073 2939 12206
12074 2927 12202
12075 2930 12204
12076 2928 12203
12077 2936 12205
12078 2933 12208
12079 2940 12239
12080 2925 12233
12081 2939 12238
12082 2927 12234
12083 2930 12236
12084 2928 12235
12085 2936 12237
12086 2933 12240
12087 4952 12209
12088 4945 12210
12089 4944 12211
12090 4956 12212
12091 4960 12213
12092 4955 12214
12093 4942 12215
12094 4953 12216
12095 4952 12241
12096 4945 12242
12097 4944 12243
12098 4956 12244
12099 4960 12245
12100 4955 12246
12101 4942 12247
12102 4953 12248
12105 4961 12250
12106 4963 12251
12107 4994 12252
12108 3737 12253
12109 2653 12254
12135 2974 9567
12136 2974 338
12157 2259 12301
12158 4992 12305
12159 3635 7491
12160 117 12316
12164 472 12313
12165 472 12314
12166 472 12315
12167 472 10812
12168 1164 12335
12170 1035 12333
12181 1036 12334
12203 4996 12423
12204 1514 3068
12234 2727 12493
12235 1205 12494
12237 3025 12496
12338 5104 12676
12339 5104 12677
12340 5104 12678
12341 5104 12679
12342 5104 12680
12343 5104 12681
12344 5104 12682
12345 5104 12683
12483 4183 12765
12502 537 12832
12508 545 4482
12509 543 4483
12527 5123 12901
12528 5125 12902
12529 5144 12892
12530 5146 12894
12531 5148 12893
12532 5136 12903
12533 1479 12954
12534 5123 12944
12535 5125 12945
12536 2436 12958
12566 5192 12956
12567 5190 12957
12568 5191 12955
12593 1396 13034
12594 1396 13035
12595 1396 13036
12596 1396 13037
12597 1396 13038
12598 1396 13039
12599 1397 13064
12600 1397 13065
12601 1397 13066
12602 1397 13067
12603 1397 13068
12604 1397 13069
12605 1397 13070
12606 1397 13071
12607 1397 13072
12608 1397 13073
12609 1397 13074
12610 1397 13075
12611 1397 13076
12612 1397 13077
12613 1397 13078
12614 1397 13079
12615 1397 13111
12702 958 13179
12703 958 13179
12704 958 13179
12705 958 13179
12716 3286 13234
12718 434 13236
12719 230 13237
12720 212 13238
12721 220 13239
12722 190 13240
12725 3870 13243
12726 3869 13244
12727 3876 13245
12728 624 13246
12734 537 12832
12804	5193	13337
12805	5194	13336
12807	2092	13348
12817	3913	13358
12818	3913	13359
12819	103	13360
12820	279	13361
12821	1919	13362
12822	1903	13363
12823	1423	13364
12824	2437	13365
12825	2435	13366
12826	3843	13367
12828	3913	13369
12829	2902	8519
12830	2897	8520
12831	3781	8522
12832	3811	8524
12833	3779	8526
12839	5196	13340
12840	5197	13341
13419	2594	13429
13430	2976	13437
13431	3497	13445
13432	2982	13446
13433	3775	13447
13436	3002	13448

