52
; class : 0:prince 1:knight 2:elf 3:magician 4:dark elf 5:dragon knight 6:illusionist 7:warrior
; guage type : 0:melee 1:range 2:defense 3:strength 4:spell 5:mana
; class, guage type, 7, 8, 9, 10, 11, 12, 13, 14, 15, 16, 17, 18, 19, 20(attr point)
0 0 0 0 0 0 0 0 50 57 64 71 79 86 93 100
0 1 0 0 17 24 32 39 47 54 61 69 76 84 0 0
0 2 0 0 0 0 0 0 0 0 0 0 0 0 0 0
0 3 0 0 0 0 60 64 67 71 74 78 81 85 88 92
0 4 0 0 33 37 40 44 48 52 55 59 63 66 0 0
0 5 0 0 0 0 25 28 31 33 36 39 42 44 47 50
1 0 0 0 0 0 0 0 0 0 0 75 81 88 94 100
1 1 0 0 0 0 0 33 41 50 58 66 0 0 0 0
1 2 0 0 0 0 0 0 0 0 0 0 0 0 0 0
1 3 0 0 0 0 0 0 0 0 0 84 88 92 96 100
1 4 0 33 37 41 46 50 0 0 0 0 0 0 0 0
1 5 0 0 8 10 12 14 16 0 0 0 0 0 0 0
2 0 0 0 0 38 44 51 57 63 69 76 82 88 0 0
2 1 0 0 0 0 0 33 41 50 58 66 75 83 91 100
2 2 0 0 0 0 0 0 0 0 0 0 0 0 0 0
2 3 0 0 0 0 0 64 68 72 76 80 84 88 92 96
2 4 0 0 0 0 0 50 54 58 63 67 71 75 79 83
2 5 0 0 0 0 0 42 45 48 51 55 58 61 64 67
3 0 0 25 31 38 44 50 56 63 69 75 81 88 94 100
3 1 0 7 14 21 28 35 42 49 56 63 69 76 83 0
3 2 0 0 0 0 0 0 0 0 0 0 0 0 0 0
3 3 0 0 0 0 0 52 56 60 64 68 72 76 80 84
3 4 0 0 0 0 0 0 0 67 73 78 84 89 95 100
3 5 0 0 0 0 0 0 0 75 79 83 88 92 96 100
4 0 0 0 0 0 0 0 0 0 63 71 78 86 93 100
4 1 0 0 0 0 0 33 40 47 54 62 69 76 83 0
4 2 0 0 0 0 0 0 0 0 0 0 0 0 0 0
4 3 0 0 0 0 0 52 56 60 64 68 72 76 80 0
4 4 0 0 0 0 33 38 43 47 52 57 62 66 0 0
4 5 0 0 0 33 37 40 44 47 51 54 58 0 0 0
5 0 0 0 0 0 0 0 50 57 64 71 79 86 93 100
5 1 0 0 0 0 33 40 48 55 63 70 77 85 92 100
5 2 0 0 0 0 0 0 0 0 0 0 0 0 0 0
5 3 0 0 0 0 0 0 0 76 80 84 88 92 96 100
5 4 0 0 0 33 37 40 44 48 52 55 59 63 66 0
5 5 0 0 0 17 19 21 23 24 26 28 30 32 34 0
6 0 0 0 25 31 38 44 50 56 63 69 75 81 88 0
6 1 0 0 0 33 40 46 53 60 66 73 80 86 93 100
6 2 0 0 0 0 0 0 0 0 0 0 0 0 0 0
6 3 0 0 0 0 0 60 64 68 72 76 80 84 88 92
6 4 0 0 0 0 0 67 71 75 80 84 88 92 96 100
6 5 0 0 0 0 0 0 0 50 54 58 63 67 71 75
7 0 0 0 0 0 0 0 0 0 0 75 81 88 94 100
7 1 0 0 0 0 0 0 50 54 58 63 67 0 0 0
7 2 0 0 0 0 0 0 0 0 0 0 0 0 0 0
7 3 0 0 0 0 0 0 0 0 0 84 88 92 96 100
7 4 0 0 0 33 37 41 46 50 0 0 0 0 0 0
7 5 8 8 8 8 8 0 0 0 0 0 0 0 0 0
