807
1 3
2 3
3 2
7 2
8 2
10 2
11 2
12 2
13 2
14 2
15 2
16 2
17 2
18 2
19 2
20 2
21 2
22 2
23 2
24 2
25 5
26 5
27 5
28 5
30 2
31 2
32 2
33 2
34 2
35 2
36 2
37 2
38 15
39 2
40 2
41 2
43 2
44 2
45 2
46 2
47 2
48 2
49 2
50 2
51 2
52 2
53 2
54 2
55 2
56 2
59 2
60 2
61 2
62 2
63 2
64 2
72 4
73 4
74 4
75 11
76 11
77 11
78 2
79 2
80 2
81 2
82 2
85 2
86 2
87 2
101 2
102 2
103 2
104 2
105 2
106 2
107 2
108 2
109 2
110 2
111 2
112 2
113 2
114 2
115 2
116 2
117 2
118 2
119 2
120 2
121 2
122 2
123 2
124 2
125 2
126 2
127 2
128 2
129 2
130 2
131 2
153 2
154 2
155 2
156 2
157 2
158 2
159 2
160 2
161 2
162 2
163 2
164 2
165 2
166 2
167 2
168 2
169 2
170 2
171 2
172 2
173 2
174 2
175 2
176 2
177 2
178 2
179 2
180 2
181 2
182 2
183 2
184 2
185 2
186 2
187 2
188 2
189 2
190 2
191 2
192 2
193 2
194 2
195 2
196 2
197 2
198 2
199 2
200 2
201 2
202 2
203 2
204 2
205 2
206 2
207 2
208 2
209 2
210 2
211 2
212 2
213 2
214 2
215 2
216 2
217 2
218 2
219 2
220 2
221 2
222 2
223 2
224 2
225 2
226 2
227 2
228 2
229 2
230 2
231 2
232 2
233 2
234 2
235 2
236 2
237 2
240 2
241 2
242 2
243 2
248 2
249 2
250 2
251 2
280 2
281 2
282 2
283 2
284 2
285 2
286 2
287 2
288 2
289 2
293 2
301 2
304 2
305 2
306 2
307 6
308 6
309 6
310 4
320 6
330 4
400 4
401 4
410 2
420 2
430 13
441 2
442 2
443 2
444 2
450 1
451 2
452 1
453 1
454 2
455 2
456 2
457 2
460 2
461 1
462 1
463 2
464 2
465 2
466 2
467 2
470 2
471 1
472 2
473 2
474 2
475 1
476 2
477 2
478 2
481 2
490 2
491 2
492 1
493 2
494 2
495 1
496 2
522 4
523 4
524 4
530 2
531 2
532 2
533 2
534 2
535 2
536 2
541 2
542 2
543 2
666 2
734 2
1001 2
1002 2
1003 2
1004 2
1005 2
16384 2
17408 2
18432 2
18944 2
19456 2
19968 2
20480 2
20992 2
781 2
782 2
1935    15
1936    15 
2935    15
2936    15
3150	2
3151	2
3152	2
3153	2
3154	2
3155	2
3156	2
3157	2
3158	2
3159	2
3160	2
3161	2
3162	2
3163	2
3164	2
3165	2
3166	2
3167	2
3168	2
3169	2
3170	2
3171	2
3172	2
3173	2
3174	2
3175	2
3176	2
3177	2
3178	2
3179	2
3180	2
3181	2
3182	2
3183	2
3184	2
3185	2
3186	2
3187	2
3188	2
3189	2
3190	2
3191	2
3192	2
3193	2
3194	2
3195	2
3196	2
3197	2
3198	2
3199	2
3200	2
3201	2
3202	2
3203	2
3204	2
3205	2
3206	2
3207	2
3208	2
3209	2
3210	2
3211	2
3212	2
3213	2
3214	2
3215	2
3216	2
3217	2
3218	2
3219	2
3220	2
3221	2
3222	2
3223	2
3224	2
3225	2
3226	2
3227	2
3228	2
3229	2
3230	2
3231	2
3232	2
3233	2
3234	2
3235	2
3236	2
3237	2
3238	2
3239	2
3240	2
3241	2
3242	2
3243	2
3244	2
3245	2
3246	2
3247	2
3248	2
3249	2
3250	2
3251	2
3252	2
3253	2
3254	2
3255	2
3256	2
3257	2
3258	2
3259	2
3260	2
3261	2
3262	2
3263	2
3264	2
3265	2
3266	2
3267	2
3268	2
3269	2
3270	2
3271	2
3272	2
3273	2
3274	2
3275	2
3276	2
3277	2
3278	2
3279	2
3280	2
3281	2
3282	2
3283	2
3284	2
3285	2
3286	2
3287	2
3288	2
3289	2
3290	2
3291	2
3292	2
3293	2
3294	2
3295	2
3296	2
3297	2
3298	2
3299	2
3300	2
3301	2
3302	2
3303	2
3304	2
3305	2
3306	2
3307	2
3308	2
3309	2
3310	2
3311	2
3312	2
3313	2
3314	2
3315	2
3316	2
3317	2
3318	2
3319	2
3320	2
3321	2
3322	2
3323	2
3324	2
3325	2
3326	2
3327	2
3328	2
3329	2
3330	2
3331	2
3332	2
3333	2
3334	2
3335	2
3336	2
3337	2
3338	2
3339	2
3340	2
3341	2
3342	2
3343	2
3344	2
3345	2
3346	2
3347	2
3348	2
3349	2
3350	2
3351	2
3352	2
3353	2
3354	2
3355	2
3356	2
3357	2
3358	2
3359	2
3360	2
3361	2
3362	2
3363	2
3364	2
3365	2
3366	2
3367	2
3368	2
3369	2
3370	2
3371	2
3372	2
3373	2
3374	2
3375	2
3376	2
3377	2
3378	2
3379	2
3380	2
3381	2
3382	2
3383	2
3384	2
3385	2
3386	2
3387	2
3388	2
3389	2
3390	2
3391	2
3392	2
3393	2
3394	2
3395	2
3396	2
3397	2
3398	2
3399	2
3400	2
3401	2
3402	2
3403	2
3404	2
3405	2
3406	2
3407	2
3408	2
3409	2
3410	2
3411	2
3412	2
3413	2
3414	2
3415	2
3416	2
3417	2
3418	2
3419	2
3420	2
3421	2
3422	2
3423	2
3424	2
3425	2
3426	2
3427	2
3428	2
3429	2
3430	2
3431	2
3432	2
3433	2
3434	2
3435	2
3436	2
3437	2
3438	2
3439	2
3440	2
3441	2
3442	2
3443	2
3444	2
3445	2
3446	2
3447	2
3448	2
3449	2
5191 1
5192 1
5193 1
5194 1
5195 1
5196 1
5197 1
5198 1
5199 1
5303 2
5384 2
5435 2
5501 15
2100 2
2101 2
2151 2
271 2
272 2
273 2
274 2
275 2
276 2
277 2
278 2
7785 2
7786 2
624 3
10200 15
10201 15
10202 15
10203 15
10204 15
10205 15
10206 15
10207 15
10208 15
10209 15
10210 15
10211 15
10212 15
10213 15
10214 15
10215 15
10216 15
10217 15
10218 15
10219 15
653 2
654 2
655 2
656 2
1234 2
537 2
807 2
808 2
809 2
810 2
811 2
812 2
813 2
2221 5
2222 5
2223 5
2224 5
2225 5
2226 5
2227 5
2228 5
2229 5
2230 5
2231 5
2232 5
2301 4
5524 6
5555 2
11200 15
11230 15
11250 15
11252 15
10500 15
10501 15
10502 15
11150 15
11151 15
11152 15
11153 15
11154 15
11155 15
11156 15
11157 15
11158 15
11159 15
11160 15
11161 15
11162 15
11163 15
11164 15
11165 15
11166 15
11167 15
11168 15
11169 15
11170 15
11171 15
11172 15
11173 15
11174 15
11175 15
11176 15
11177 15
11178 15
11179 15
11180 15
11181 15
11182 15
11183 15
11184 15
11185 15
11186 15
11187 15
11188 15
11189 15
12146 1
12147 1
12148 1
12149 1
12797 15
12798 15
12799 15
12800 15
12802 8
12803 8
12804 8
12805 8
1318 1 
1319 1
132 8
133 8
134 8
135 8
136 8
137 8
138 8
139 8
140 8
141 8
142 8
143 8
144 8
145 8
146 8
147 8
148 8
149 8
150 8
151 4
12852 2
12853 2
12854 2
12855 2
12856 2
12857 2
12858 2
12859 2
12860 2
12861 2
12862 2
13001 5
13002 5
13003 5
13004 5
13005 5
13006 5
13051 5
13052 5
13053 5
13054 5
13055 5
13056 5
13057 5
13058 5
13059 5
15403 3
15404 3
15871 2
15872 2
15873 2
15874 2
15875 2
15876 2
15877 2
15878 2
15879 2
15881 2
15882 2
15883 2
15884 2
15885 2
15886 2
15887 2
15888 2
15889 2
15891 2
15892 2
15893 2
15894 2
15895 2
15896 2
15897 2
15898 2
15899 2