; desc num
311
431
617
677
797
872
923
1011
1012
1014
1097
1204
1243
1618
1688
1755
1756
1757
1758
1905
1906
1907
1908
1909
1910
1911
1912
1913
1914
1915
1916
1919
1920
1921
1922
1923
1930
1945
1961
2022
2023
2024
2025
2026
2027
2028
2029
2030
2031
2032
2033
2034
2077
2078
2079
2088
2090
2091
2223
2224
2239
2240
2241
2242
2243
2244
2245
2247
2248
2253
2264
2265
2266
2270
2292
2350
2351
2352
2353
2354
2359
2363
2364
2365
2366
2367
2369
2378
2400
2401
2402
2403
2411
2413
2414
2415
2416
2417
2418
2419
2420
2421
2422
2424
2426
2427
2428
2429
2530
2531
2532
2533
2534
2535
2540
2541
2542
2564
2565
2566
2567
2568
2569
2570
2627
2648
2649
2650
2651
2652
2653
2654
2678
2679
2680
2681
2682
2683
2684
2687
2710
2712
2715
2754
2764
2766
2768
2777
2857
2884
2989
2999
3000
3002
3003
3004
3011
3012
3018
3056
3057
3058
3059
3151
3158
3189
3190
3191
3192
3196
3197
3198
3198
3202
3203
3205
3206
3209
3211
3213
3215
3216
3217
3218
3220
3244
3245
3246
3268
3278
3279
3280
3281
3282
3283
3284
3285
3286
3287
3288
3289
3290
3291
3292
3293
3294
3295
3296
3297
3298
3299
3300
3301
3302
3303
3304
3305
3306
3307
3308
3309
3310
3311
3312
3313
3314
3315
3334
3335
3336
3337
3338
3339
3340
3341
3342
3347
3349
3351
3353
3355
3357
3361
3364
3367
3369
3370
3371
3393
3394
3395
3396
3397
3398
3399
3400
3401
3402
3422
3423
3452
3459
3460
3461
3482
3483
3484
3485
3486
3487
3488
3490
3491
3491
3492
3500
3506
3507
3521
3568
3569
3588
3589
3598
3613
3614
3615
3617
3618
3619
3620
3621
3622
3623
3624
3625
3626
3627
3628
3629
3630
3631
3632
3633
3634
3635
3636
3637
3638
3639
3640
3641
3642
3643
3644
3645
3646
3647
3648
3710
3711
3713
3715
3746
3747
3748
3749
3750
3751
3752
3753
3754
3755
3756
3757
3758
3759
3760
3761
3762
3784
3786
3787
3788
3789
3945
3946
3979
3980
3981
3982
3983
3984
3988
3991
3992
3993
3994
3995
3996
3997
3998
3999
4000
4001
4002
4003
4004
4006
4009
4010
4013
4014
4015
4020
4021
4022
4023
4024
4025
4026
4027
4032
4033
4034
4035
4036
4037
4039
4040
4041
4048
4049
4050
4051
4052
4054
4055
4056
4057
4065
4066
4096
4098
4099
4100
4101
4102
4103
4104
4105
4106
4107
4119
4120
4121
4122
4123
4207
4248
4249
4250
4251
4252
4253
4254
4255
4256
4257
4258
4259
4260
4261
4262
4263
4264
4266
4267
4324
4341
4342
4343
4345
4348
4351
4353
4357
4358
4403
4405
4429
4430
4442
4445
4446
4447
4448
4449
4450
4451
4452
4469
4479
4480
4481
4482
4483
4484
4485
4502
4503
4504
4505
4506
4507
4508
4509
4510
4511
4512
4513
4514
4515
4516
4517
4518
4519
4520
4521
4522
4523
4524
4525
4526
4527
4528
4529
4530
4531
4532
4533
4534
4535
4536
4537
4538
4539
4540
4541
4542
4543
4544
4546
4547
4548
4549
4550
4551
4552
4553
4554
4555
4556
4557
4558
4559
4560
4561
4562
4563
4564
4565
4566
4567
4568
4569
4570
4572
4573
4576
4579
4580
4581
4582
4583
4584
4585
4586
4587
4588
4589
4590
4595
4598
4600
4601
4602
4603
4604
4605
4606
4607
4611
4612
4613
4616
4617
4618
4619
4620
4621
4622
4627
4628
4629
4630
4631
4632
4633
4634
4635
4636
4637
4638
4639
4640
4643
4644
4648
4649
4650
4651
4657
4658
4659
4660
4661
4662
4665
4666
4667
4668
4669
4670
4671
4672
4673
4674
4675
4676
4677
4678
4679
4680
4681
4682
4683
4684
4685
4686
4687
4688
4689
4690
4695
4696
4697
4698
4699
4700
4726
4836
4837
4855
4856
4857
4858
4859
4860
4861
4862
4874
4875
4876
4877
4878
4879
4880
4924
4925
4926
4927
4940
4941
4964
4965
4966
4967
4968
4976
4977
4979
4980
4981
4982
4983
4984
5017
5018
5021
5022
5023
5024
5026
5027
5028
5044
5045
5046
5104
5105
5115
5138
5139
5145
5146
5147
5148
5149
5150
5151
5152
5153
5154
5155
5156
5157
5158
5159
5160
5161
5171
5172
5173
5174
5175
5176
5177
5178
5179
5180
5181
5182
5183
5184
5185
5186
5188
5189
5192
5193
5194
5195
5196
5197
5198
5204
5205
5206
5211
5212
5215
5025
5246
5247
5269
5270
5271
5272
5273
5274
5275
5287
5304
5305
5348
5349
5350
5356
5357
5358
5359
5360
5361
5363
5364
5365
5366
5411
5426
5429
5448
5469
5470
5471
5472
5473
5474
5475
5476
5477
5478
5479
5504
5508
5518
5523
5554
5555
5566
5567
5568
5572
5579
5580
5581
5582
5583
5584
5585
5586
5587
5588
5589
5591
5592
5593
5594
5595
5596
5597
5598
5599
5600
5601
5602
5603
5604
5605
5606
5607
5608
5609
5610
5611
5612
5613
5614
5615
5616
5617
5618
5619
5620
5621
5622
5623
5624
5625
5626
5627
5628
5629
5630
5631
5632
5633
5634
5635
5636
5637
5638
5639
5640
5641
5642
5643
5644
5645
5646
5647
5648
5649
5662
5668
5670
5671
5672
5673
5674
5675
5676
5677
5678
5679
5680
5730
5731
5732
5733
5734
5735
5736
5737
5738
5739
5740
5741
5771
5772
5773
5774
5775
5779
5780
5781
5782
5802
5803
5804
5805
5806
5807
5808
5809
5810
5811
5812
5813
5814
5815
5816
5817
5818
5819
5820
5821
5822
5823
5824
5825
5827
5828
5829
5830
5831
5832
5833
5834
5835
5836
5837
5838
5839
5841
5842
5843
5844
5845
5846
5850
5851
5861
5863
5878
5879
5880
5881
5882
5883
5884
5886
5887
5895
5896
5897
5898
5899
5959
5964
5967
5974
5986
5987
5988
5989
5990
5991
5992
5993
5994
5995
5996
5997
5998
5999
6000
6001
6002
6347
6348
6398
6400
6401
6402
6403
6404
6405
6406
6409
7376
7377
7378
7379
7380
7381
7388
7401
7402
7403
7404
7405
7406
7407
7408
7409
7410
7411
7412
7413
7421
7422
7423
7424
7425
7426
7427
7428
7429
7458
7459
7460
7461
7462
7463
7464
7465
7466
7467
7469
7470
7471
7472
7473
7474
7475
7477
7480
7481
7482
7483
7488
7489
7451
7453
7454
7455
7456
7457
7507
7508
7514
7529
7530
7531
7532
7539
7717
7718
7719
7720
7721
7722
7723
7724
7725
7726
7727
7728
7729
7730
7731
7732
7733
7734
7735
7736
7737
7738
7739
7748
7881
7882
7883
7884
7885
7886
7887
7888
7949
7950
7951
7952
7953
7954
7955
7957
7963
7965
7969
7970
7971
7986
7987
7988
8268
8270
8276
8302
8368
8369
8370
8371
8372
8373
8374
8375
8376
8377
8378
8379
8380
8381
8382
8383
8384
8385
8386
8387
8388
8389
8390
8391
8392
8393
8394
8395
8396
8397
8398
8399
8400
8401
8402
8403
8404
8405
8410
8411
8412
8413
8426
8427
8428
8429
8430
8431
8443
8444
8445
8448
8450
8451
8477
8478
8479
8480
8505
8509
8510
8511
8512
8513
8514
8518
8519
8520
8521
8522
8523
8524
8525
8526
8527
8544
8586
8618
8637
8638
8643
8644
8645
8646
8647
8649
8653
8654
8655
8658
8659
8660
8661
8812
8813
8814
8815
8816
8817
8818
8820
8821
8823
8824
8825
8826
8827
8828
8829
8830
8842
8843
8846
8847
8848
8849
8850
8851
8853
8854
8855
8856
8857
8859
8860
8861
8862
8863
8864
8865
8866
8867
8868
8869
8947
9071
9072
9073
9074
9075
9076
9077
9078
9079
9080
9081
9082
9083
9084
9085
9086
9087
9088
9089
9090
9091
9092
9093
9094
9095
9096
9097
9098
9099
9100
9101
9102
9103
9104
9105
9141
9142
9143
9146
9164
9166
9167
9168
9169
9170
9171
9172
9173
9174
9175
9176
9182
9183
9184
9185
9186
9187
9188
9189
9190
9191
9192
9238
9239
9240
9241
9242
9251
9252
9253
9254
9308
9309
9310
9355
9356
9357
9358
9359
9360
9361
9362
9363
9364
9365
9366
9367
9368
9369
9370
9371
9372
9374
9375
9376
9377
9378
9379
9380
9381
9382
9383
9384
9385
9386
9387
9388
9431
9432
9433
9435
9437
9438
9447
9450
9451
9452
9453
9454
9455
9456
9457
9458
9459
9460
9461
9463
9464
9465
9474
9475
9476
9478
9479
9480
9481
9482
9487
9488
9493
9494
9495
9496
9497
9498
9499
9500
9502
9503
9504
9505
9506
9507
9508
9509
9510
9511
9512
9513
9514
9515
9516
9517
9518
9519
9520
9521
9522
9524
9525
9526
9597
9598
9599
9600
9601
9602
9621
9622
9623
9624
9625
9626
9627
9636
9637
9638
9639
9641
9642
9644
9645
9646
9647
9648
9649
9650
9651
9652
9653
9654
9655
9656
9657
9658
9659
9660
9661
9662
9663
9664
9665
9666
9667
9668
9669
9670
9671
9672
9673
9678
9679
9680
9686
9687
9688
9689
9690
9691
9692
9693
9697
9698
9699
9700
9701
9702
9703
9704
9705
9706
9707
9708
9709
9710
9711
9712
9713
9714
9715
9716
9717
9718
9719
9720
9721
9722
9723
9724
9725
9726
9727
9728
9735
9736
9737
9738
9739
9740
9741
9742
9743
9746
9747
9748
9749
9750
9751
9752
9753
9754
9755
9756
9757
9768
9771
9772
9775
9776
9777
9778
9779
9780
9781
9782
9783
9784
9786
9787
9788
9789
9790
9791
9792
9793
9845
9888
9889
9903
9904
9905
9906
9907
9908
9909
9917
9918
9919
9920
9921
9922
9923
9927
9928
9929
9930
9931
9932
9933
9934
9935
9936
9937
9938
9990
9901
10001
10007
10008
10009
10010
10011
10012
10013
10014
10029
10075
10076
10077
10078
10079
10080
10094
10095
10096
10097
10098
10099
10111
10113
10114
10115
10119
10120
10121
10122
10760
10123
10124
10125
10126
10128
10131
10132
10140
10166
10195
10204
10205
10216
10217
10218
10219
10220
10221
10611
10612
10636
10637
10650
10651
10652
10653
10654
10655
10656
10657
10658
10659
10660
10661
10708
10709
10710
10711
10712
10713
10714
10715
10751
10754
10757
10758
10759
10760
10762
11518
11526
11530
11531
11557
11560
11561
11562
11563
11564
11565
11567
11585
11586
11587
11588
11589
11590
11591
11593
11598
11599
11600
11601
11602
11603
11604
11605
11606
11607
11608
11609
11610
11611
11612
11618
11619
11622
11623
11639
11640
11641
11642
11643
11644
11645
11646
11647
11648
11649
11650
11651
11652
11653
11654
11655
11656
11657
11658
11659
11660
11663
11683
11684
11685
11718
11719
11720
11721
11722
11723
11724
11725
11726
11727
11728
11729
11730
11731
11732
11733
11734
11735
11736
11737
11738
11739
11740
11741
11742
11743
11744
11745
11746
11747
11748
11749
11750
11751
11752
11753
11754
11755
11756
11757
11758
11759
11760
11761
11762
11775
11776
11777
11778
11779
11780
11781
11782
11783
11784
11785
11786
11787
11797
11798
11810
11811
11812
11813
11814
11815
11820
11821
11834
11893
11902
11903
11904
11905
11906
11907
11908
11909
11910
11911
11912
11913
11914
11915
11916
11917
11931
11932
11933
11934
11935
11936
11937
11938
11951
11952
11954
11955
11956
11958
11994
11995
11996
11997
12004
12005
12006
12104
12105
12007
12106
12107
12108
12127
12129
12130
12135
12142
12255
12256
12257
12258
12259
12260
12261
12262
12263
12264
12265
12266
12267
12268
12269
12270
12302
12303
12311
12317
12318
12320
12482
12483
12484
12485
12486
12487
12488
12489
12490
12491
12492
12495
12465
12466
12548
12549
12577
12602
12603
12604
12605
12606
12607
12608
12609
12610
12611
12613
12614
12616
12619
12620
12621
12622
12623
12624
12625
12629
12630
12631
12632
12633
12634
12635
12636
12639
12640
12641
12642
12643
12644
12645
12646
12647
12648
12649
12650
12651
12652
12653
12663
12684
12685
12686
12687
12688
12692
12693
12694
12695
12696
12697
12699
12700
12701
12702
12703
12704
12705
12706
12707
12708
12709
12710
12711
12712
12713
12714
12716
12718
12720
12721
12722
12723
12724
12725
12726
12727
12725
12744
12745
12746
12748
12749
12762
12763
12764
12766
12767
12768
12769
12770
12771
12792
12793
12794
12797
12798
12799
12800
12801
12578
12584
12590
12596
12802
12803
12818
12820
12821
12822
12823
12824
12867
12868
12869
12870
12871
12872
12873
12874
12875
12876
12877
12878
12879
12880
12881
12882
12883
12884
12885
12886
12887
12888
12889
12890
12907
12908
12909
12910
12917
12918
12919
12920
12907
13012
13013
13014
13015
13016
13017
13018
13152
13153
13154
13155
13156
13157
13158
13159
13164
13165
13166
13167
13168
13169
13170
13171
13172
13173
13174
13175
13176
13177
13178
13215
13216
13217
13227
13228
13308
13309
13338
13372
13432
13434
13552
13562
13563
13564
13565
13566
13567
13754
13755
13756
13757
13758
13759
13760
13761
13870
13888
13889
13914
13915
13916
13917
13939
13940
13941
13942
13943
13944
13945
13946
13947
13948
13949
13950
13951
13952
13953
13954
14284
14285
14323
14324
14325
14338
14348
14349
14350
14351
14352
14353
14354
14355
14356
14357
14358
14359
14441
14442
14443
14444
14445
14446
14447
14448
14449
14450
14717
14718
14923
15487
15552
15553
15554
15589
15590
15591
15592
15593
15594
15595
15596
15597
15598
15599
15600
15601
15787
15788
15934
15935
15936
15937
15938
15939
15940
16004
16022
16024
16025
16657
16658
16872
16873
16874
16875
16876
16877
16878
16879
16880
16881
16882
16883
16884
16885
16886
17159
17160
17161
17162
17163
17164
17165
17166
17167
17168
17169
17170
17171
17172
17173
17174
17175
17176
17177
17190
17191
17202
17203
17204
17232
17233
17234
17235
17236
17237
17242
17243
17244
17245
17246
17247
17248
17249
17250
17251
17252
17253
17254
17255
17256
17257
17258
17259
17260
17272
17273
17261
17262
17244
17272
17273
17274
17275
17276
17277
17278
17279
17280
17281
17282
17283
17284
17285
17286
17287
17288
17289
17290
17291
17292
17293
17294
17295
17296
17297
17298
17299
17300
17301
17302
17303
17304
17305
17306
17307
17308
17309
17310
17311
17312
17313
17314
17315
17316
17317
17318
17319
17320
17321
17322
17323
17324
17325
17326
17327
17328
17329
17330
17331
17332
17333
17334
17335
17336
17337
17338
17339
17340
17341
17342
17343
17344
17345
17346
17347
17348
17349
17350
17351
17352
17979
