3346
4012
4013
4014
4015
4036
4037
4038
4039
4041
4053
4054
4055
4056
4112
4113
4114
4420
6248
6249
6250
6251
6252
6253
6254
6255
6356
6357
6358
6359
6360
6361
6362
6363
6364
6365
6366
6367
6368
6369
6370
6371
6700
6701
6702
6703
6704
6705
6706
6707
6708
6709
6710
6711
6712
6713
6714
6715
6716
6717
6718
6719
6720
6721
6722
6723
6724
6725
6726
6727
6728
6729
6730
6731
6732
6733
6734
6735
6736
6737
6738
6739
6740
6741
6742
6743
6744
6745
6746
6747
6748
6811
6812
6813
6814
6815
6816
6817
6818
6819
6820
6821
6822
6823
6825
6826
8312
8313
8314
8315
8316
8317
8318
8319
8320
8321
8322
8323
8324
8325
8326
8327
8328
8329
8330
8331
8332
8333
8334
8335
8336
8337
8338
8339
8340
8341
8342
8343
8344
8345
8346
8347
8348
8349
8350
8351
8352
8353
8354
8355
8356
8357
8358
10205
10206
10207
10208
10209
10351
10352
10353
10585
10586
10587
10908
10909
10910
11167
11168
11169
11170
11171
11172
11707
11708
11709
11710
11711
12346
12347
12348
12349
12364
12375
12471
12472
12473
12499
12500
12501
12503
12504
12505
12506
12507
12513
12514
12515
12516
12517
12518
12519
12520
12522
12523
12524
12525
12526
12537
12538
12539
12540
12541
12542
12543
12544
12545
12546
12547
12548
12549
12550
12551
12552
12553
12554
12555
12556
12557
12558
12559
12561
12562
12563
12564
12565
12569
12570
12571
12572
12573
12574
12575
12576
12577
12578
12579
12580
12581
12582
12583
12584
12585
12586
12587
12588
12589
12590
12591
12592
12616
12617
12618
12619
12620
12621
12622
12623
12624
12625
12626
12627
12628
12629
12630
12631
12632
12633
12634
12635
12636
12637
12638
12639
12640
12641
12642
12643
12644
12645
12646
12647
12648
12649
12650
12651
12652
12653
12654
12655
12656
12657
12658
12659
12660
12661
12662
12663
12664
12665
12666
12667
12668
12669
12670
12671
12672
12673
12674
12675
12676
12683
12684
12685
12686
12687
12688
12689
12690
12691
12692
12693
12694
12695
12696
12697
12698
12699
12700
12701
12706
12707
12708
12709
12710
12711
12712
12713
12714
12715
12718
12723
12724
12729
12730
12731
12732
12733
12771
12772
12773
12774
12775
12776
12777
12778
12779
12780
12781
12782
12783
12784
12785
12786
12787
12790
12791
12792
12793
12797
12798
12799
12802
12803
12809
12810
12811
12812
12813
12814
12815
12816
12827
12834
12835
12836
12837
12838
12841
12842
12843
12844
12845
12846
12847
12848
12849
12850
12851
12852
12853
12950
12975
12976
12977
13377
13378
13379
13380
13381
13382
13383
13384
13385
13386
13387
13388
13389
13390
13391
13392
13393
13394
13395
13396
13397
13398
13399
13400
13401
13402
13403
13404
13405
13406
13407
13408
13409
13410
13411
13412
13413
13414
13415
13416
13417
13420
13421
13422
13423
13424
13425
13426
13427
13428
13429
13433
13434
13435
13436
13437
13438
13439
13440
13441
13442
13446
13447
13448
13449
13450
13451
13452
13453
13454
13455
13456
13457
13458
13459
13460
13461
13462
13463
13464
13465
13466
13467
13468
13469
13470
13471
13472
13473
13474
13475
13476
13477
13478
13479
13480
13481
13482
13483
13484
13485
13486
13487
13488
13489
13490
13491
13492
13493
13494
13495
13496
13497
13498
13499
13500
13501
13502
13503
13504
13505
13506
13507
13678
13820
13821
13822
13823
13824
13825
13826
13829
13830
13831
13832
13833
13834
13835
13836
13837
13863
13871
13872
13873
13874
13875
13876
13877
13878
13879
13880
13881
13882
13883
13884
13885
13886
13887
13888
13889
13890
13891
13892
13893
13898
13899
13900
13901
13902
13903
13904
13905
13906
13907
13908
13909
13910
13911
13912
13913
13914
13915
13916
13917
13918
13919
13920
13921
13922
13923
13924
13925
13926
13927
13928
13929
13930
13931
13932
13933
13934
13935
13936
13937
13938
13939
13940
13941
13942
13943
13944
13945
13946
13947
13948
13949
13950
13951
13952
13953
13954
13958
13959
13960
13961
13962
14011
14012
14013
14014
14015
14046
14052
14104
14106
14111
14112
14113
14115
14116
14117
14118
14119
14120
14121
14122
14123
14124
14125
14126
14127
14128
14129
14140
14141
14142
14143
14144
14145
14146
14147
14148
14149
14150
14157
14158
14301
14302
14303
14304
14305
14401
14402
14403
14404
14405
14406
14407
14408
14409
14410
14411
14412
14413
14414
14415
14443
14444
14445
14446
14447
14448
14449
14450
14451
14452
14453
14454
14455
14456
14457
14458
14459
14460
14461
14462
14463
14464
14465
14466
14467
14468
14469
14470
14471
14472
14473
14474
14475
14483
14548
14557
14558
14559
14560
14561
14562
14563
14564
14565
14566
14673
14674
14675
14676
14677
14678
14679
14680
14681
14720
14721
14722
14723
14724
14725
14726
14727
14728
14734
14735
14736
14737
14740
14741
14742
14766
14767
14768
14769
14770
14771
14772
14773
14774
14775
14776
14777
14778
14779
14780
14781
14782
14783
14786
14787
14788
14806
14807
14808
14809
14825
14918
15789
15791
